0 1 0 0 2 1 1 0 0 0 0 0 0
1 1 0 0 3 1 1 0 1 0 0 0 0
2 1 0 0 4 1 1 0 2 1 2 0 0
3 0 0 0 0 1 1 0 3 1 2 0 1
4 1 3 1 0 1 1 0 4 1 2 0 2
5 1 3 1 1 0 0 0 0 1 2 0 3
6 1 3 1 2 1 4 1 0 1 2 0 4
7 1 3 1 3 1 4 1 1 0 0 0 0
8 1 3 1 4 1 4 1 2 1 5 1 0
9 0 0 0 0 1 4 1 3 1 5 1 1
10 1 6 2 0 1 4 1 4 1 5 1 2
11 1 6 2 1 0 0 0 0 1 5 1 3
12 1 6 2 2 1 7 2 0 1 5 1 4
13 1 6 2 3 1 7 2 1 0 0 0 0
14 1 6 2 4 1 7 2 2 1 8 2 0
15 0 0 0 0 1 7 2 3 1 8 2 1
16 1 9 3 0 1 7 2 4 1 8 2 2
17 1 9 3 1 0 0 0 0 1 8 2 3
18 1 9 3 2 1 10 3 0 1 8 2 4
19 1 9 3 3 1 10 3 1 0 0 0 0
20 1 9 3 4 1 10 3 2 1 11 3 0
21 0 0 0 0 1 10 3 3 1 11 3 1
22 1 12 4 0 1 10 3 4 1 11 3 2
23 1 12 4 1 0 0 0 0 1 11 3 3
24 1 12 4 2 1 13 4 0 1 11 3 4
25 1 12 4 3 1 13 4 1 0 0 0 0
26 1 12 4 4 1 13 4 2 1 14 4 0
27 0 0 0 0 1 13 4 3 1 14 4 1
28 1 15 5 0 1 13 4 4 1 14 4 2
29 1 15 5 1 0 0 0 0 1 14 4 3
30 1 15 5 2 1 16 5 0 1 14 4 4
31 1 15 5 3 1 16 5 1 0 0 0 0
32 1 15 5 4 1 16 5 2 1 17 5 0
33 0 0 0 0 1 16 5 3 1 17 5 1
34 1 18 6 0 1 16 5 4 1 17 5 2
35 1 18 6 1 0 0 0 0 1 17 5 3
36 1 18 6 2 1 19 6 0 1 17 5 4
37 1 18 6 3 1 19 6 1 0 0 0 0
38 1 18 6 4 1 19 6 2 0 0 0 0
39 0 0 0 0 1 19 6 3 0 0 0 0
40 0 0 0 0 1 19 6 4 0 0 0 0
41 0 0 0 0 0 0 0 0 0 0 0 0
42 0 0 0 0 0 0 0 0 0 0 0 0
43 0 0 0 0 0 0 0 0 0 0 0 0
44 0 0 0 0 0 0 0 0 0 0 0 0
45 0 0 0 0 0 0 0 0 0 0 0 0
46 0 0 0 0 0 0 0 0 0 0 0 0
47 0 0 0 0 0 0 0 0 0 0 0 0
48 0 0 0 0 0 0 0 0 0 0 0 0
49 0 0 0 0 0 0 0 0 0 0 0 0
50 0 0 0 0 0 0 0 0 0 0 0 0
51 0 0 0 0 0 0 0 0 0 0 0 0
52 0 0 0 0 0 0 0 0 0 0 0 0
53 0 0 0 0 0 0 0 0 0 0 0 0
54 0 0 0 0 0 0 0 0 0 0 0 0
55 0 0 0 0 0 0 0 0 0 0 0 0
56 0 0 0 0 0 0 0 0 0 0 0 0
57 0 0 0 0 0 0 0 0 0 0 0 0
58 0 0 0 0 0 0 0 0 0 0 0 0
59 0 0 0 0 0 0 0 0 0 0 0 0
60 0 0 0 0 0 0 0 0 0 0 0 0
61 0 0 0 0 0 0 0 0 0 0 0 0
62 0 0 0 0 0 0 0 0 0 0 0 0
63 0 0 0 0 0 0 0 0 0 0 0 0
