0 1 0 0 3 1 1 0 0 0 0 0 0
1 1 0 0 4 1 1 0 1 0 0 0 0
2 1 0 0 5 1 1 0 2 0 0 0 0
3 1 0 0 6 1 1 0 3 1 2 0 0
4 0 0 0 0 1 1 0 4 1 2 0 1
5 0 0 0 0 1 1 0 5 1 2 0 2
6 1 3 1 0 1 1 0 6 1 2 0 3
7 1 3 1 1 0 0 0 0 1 2 0 4
8 1 3 1 2 0 0 0 0 1 2 0 5
9 1 3 1 3 1 4 1 0 1 2 0 6
10 1 3 1 4 1 4 1 1 0 0 0 0
11 1 3 1 5 1 4 1 2 0 0 0 0
12 1 3 1 6 1 4 1 3 1 5 1 0
13 0 0 0 0 1 4 1 4 1 5 1 1
14 0 0 0 0 1 4 1 5 1 5 1 2
15 1 6 2 0 1 4 1 6 1 5 1 3
16 1 6 2 1 0 0 0 0 1 5 1 4
17 1 6 2 2 0 0 0 0 1 5 1 5
18 1 6 2 3 1 7 2 0 1 5 1 6
19 1 6 2 4 1 7 2 1 0 0 0 0
20 1 6 2 5 1 7 2 2 0 0 0 0
21 1 6 2 6 1 7 2 3 1 8 2 0
22 0 0 0 0 1 7 2 4 1 8 2 1
23 0 0 0 0 1 7 2 5 1 8 2 2
24 1 9 3 0 1 7 2 6 1 8 2 3
25 1 9 3 1 0 0 0 0 1 8 2 4
26 1 9 3 2 0 0 0 0 1 8 2 5
27 1 9 3 3 1 10 3 0 1 8 2 6
28 1 9 3 4 1 10 3 1 0 0 0 0
29 1 9 3 5 1 10 3 2 0 0 0 0
30 1 9 3 6 1 10 3 3 1 11 3 0
31 0 0 0 0 1 10 3 4 1 11 3 1
