0 1 0 0 1 0 0 0 0
1 1 0 0 2 1 1 0 0
2 0 0 0 0 1 1 0 1
3 1 2 1 0 1 1 0 2
4 1 2 1 1 0 0 0 0
5 1 2 1 2 1 3 1 0
6 0 0 0 0 1 3 1 1
7 1 4 2 0 1 3 1 2
8 1 4 2 1 0 0 0 0
9 1 4 2 2 1 5 2 0
10 0 0 0 0 1 5 2 1
11 1 6 3 0 1 5 2 2
12 1 6 3 1 0 0 0 0
13 1 6 3 2 1 7 3 0
14 0 0 0 0 1 7 3 1
15 1 8 4 0 1 7 3 2
16 1 8 4 1 0 0 0 0
17 1 8 4 2 1 9 4 0
18 0 0 0 0 1 9 4 1
19 1 10 5 0 1 9 4 2
20 1 10 5 1 0 0 0 0
21 1 10 5 2 1 11 5 0
22 0 0 0 0 1 11 5 1
23 1 12 6 0 1 11 5 2
24 1 12 6 1 0 0 0 0
25 1 12 6 2 1 13 6 0
26 0 0 0 0 1 13 6 1
27 1 14 7 0 1 13 6 2
28 1 14 7 1 0 0 0 0
29 1 14 7 2 1 15 7 0
30 0 0 0 0 1 15 7 1
31 1 16 8 0 1 15 7 2
32 1 16 8 1 0 0 0 0
33 1 16 8 2 1 17 8 0
34 0 0 0 0 1 17 8 1
35 1 18 9 0 1 17 8 2
36 1 18 9 1 0 0 0 0
37 1 18 9 2 1 19 9 0
38 0 0 0 0 1 19 9 1
39 1 20 10 0 1 19 9 2
40 1 20 10 1 0 0 0 0
41 1 20 10 2 1 21 10 0
42 0 0 0 0 1 21 10 1
43 1 22 11 0 1 21 10 2
44 1 22 11 1 0 0 0 0
45 1 22 11 2 1 23 11 0
46 0 0 0 0 1 23 11 1
47 1 24 12 0 1 23 11 2
48 1 24 12 1 0 0 0 0
49 1 24 12 2 1 25 12 0
50 0 0 0 0 1 25 12 1
51 1 26 13 0 1 25 12 2
52 1 26 13 1 0 0 0 0
53 1 26 13 2 1 27 13 0
54 0 0 0 0 1 27 13 1
55 1 28 14 0 1 27 13 2
56 1 28 14 1 0 0 0 0
57 1 28 14 2 1 29 14 0
58 0 0 0 0 1 29 14 1
59 1 30 15 0 1 29 14 2
60 1 30 15 1 0 0 0 0
61 1 30 15 2 1 31 15 0
62 0 0 0 0 1 31 15 1
63 0 0 0 0 1 31 15 2
