0 0 0 0 1 1 1 -25 1 1 0 -30 0 0 0 0 1 0 1 63 1 0 0 -64 0 0 0 0 0 0 0 0 0 0 0 0 0 0 0 0
0 0 0 1 1 1 2 -59 1 1 1 -25 1 1 0 -30 1 0 2 1 1 0 1 63 1 0 0 -64 0 0 0 0 0 0 0 0 0 0 0 0
0 0 0 2 1 1 0 -30 1 1 2 -59 1 1 1 -25 1 0 0 -64 1 0 2 1 1 0 1 63 0 0 0 0 0 0 0 0 0 0 0 0
0 0 0 3 1 1 1 -25 1 1 0 -30 1 1 2 -59 1 0 1 63 1 0 0 -64 1 0 2 1 0 0 0 0 0 0 0 0 0 0 0 0
0 0 0 4 1 1 2 -59 1 1 1 -25 0 0 0 0 1 0 2 1 1 0 1 63 0 0 0 0 0 0 0 0 0 0 0 0 0 0 0 0
0 0 0 5 0 0 0 0 1 1 2 -59 0 0 0 0 0 0 0 0 1 0 2 1 0 0 0 0 0 0 0 0 0 0 0 0 0 0 0 0
0 0 0 6 0 0 0 0 0 0 0 0 0 0 0 0 0 0 0 0 0 0 0 0 0 0 0 0 0 0 0 0 0 0 0 0 0 0 0 0
0 0 0 7 0 0 0 0 0 0 0 0 0 0 0 0 0 0 0 0 0 0 0 0 0 0 0 0 0 0 0 0 0 0 0 0 0 0 0 0
0 0 1 0 1 2 1 -62 1 2 0 -55 0 0 0 0 1 1 1 -25 1 1 0 -30 0 0 0 0 1 0 1 63 1 0 0 -64 0 0 0 0
0 0 1 1 1 2 2 -42 1 2 1 -62 1 2 0 -55 1 1 2 -59 1 1 1 -25 1 1 0 -30 1 0 2 1 1 0 1 63 1 0 0 -64
0 0 1 2 1 2 0 -55 1 2 2 -42 1 2 1 -62 1 1 0 -30 1 1 2 -59 1 1 1 -25 1 0 0 -64 1 0 2 1 1 0 1 63
0 0 1 3 1 2 1 -62 1 2 0 -55 1 2 2 -42 1 1 1 -25 1 1 0 -30 1 1 2 -59 1 0 1 63 1 0 0 -64 1 0 2 1
0 0 1 4 1 2 2 -42 1 2 1 -62 0 0 0 0 1 1 2 -59 1 1 1 -25 0 0 0 0 1 0 2 1 1 0 1 63 0 0 0 0
0 0 1 5 0 0 0 0 1 2 2 -42 0 0 0 0 0 0 0 0 1 1 2 -59 0 0 0 0 0 0 0 0 1 0 2 1 0 0 0 0
0 0 1 6 0 0 0 0 0 0 0 0 0 0 0 0 0 0 0 0 0 0 0 0 0 0 0 0 0 0 0 0 0 0 0 0 0 0 0 0
0 0 1 7 0 0 0 0 0 0 0 0 0 0 0 0 0 0 0 0 0 0 0 0 0 0 0 0 0 0 0 0 0 0 0 0 0 0 0 0
0 0 2 0 1 0 1 63 1 0 0 -64 0 0 0 0 1 2 1 -62 1 2 0 -55 0 0 0 0 1 1 1 -25 1 1 0 -30 0 0 0 0
0 0 2 1 1 0 2 1 1 0 1 63 1 0 0 -64 1 2 2 -42 1 2 1 -62 1 2 0 -55 1 1 2 -59 1 1 1 -25 1 1 0 -30
0 0 2 2 1 0 0 -64 1 0 2 1 1 0 1 63 1 2 0 -55 1 2 2 -42 1 2 1 -62 1 1 0 -30 1 1 2 -59 1 1 1 -25
0 0 2 3 1 0 1 63 1 0 0 -64 1 0 2 1 1 2 1 -62 1 2 0 -55 1 2 2 -42 1 1 1 -25 1 1 0 -30 1 1 2 -59
0 0 2 4 1 0 2 1 1 0 1 63 0 0 0 0 1 2 2 -42 1 2 1 -62 0 0 0 0 1 1 2 -59 1 1 1 -25 0 0 0 0
0 0 2 5 0 0 0 0 1 0 2 1 0 0 0 0 0 0 0 0 1 2 2 -42 0 0 0 0 0 0 0 0 1 1 2 -59 0 0 0 0
0 0 2 6 0 0 0 0 0 0 0 0 0 0 0 0 0 0 0 0 0 0 0 0 0 0 0 0 0 0 0 0 0 0 0 0 0 0 0 0
0 0 2 7 0 0 0 0 0 0 0 0 0 0 0 0 0 0 0 0 0 0 0 0 0 0 0 0 0 0 0 0 0 0 0 0 0 0 0 0
0 0 3 0 1 1 1 -25 1 1 0 -30 0 0 0 0 1 0 1 63 1 0 0 -64 0 0 0 0 1 2 1 -62 1 2 0 -55 0 0 0 0
0 0 3 1 1 1 2 -59 1 1 1 -25 1 1 0 -30 1 0 2 1 1 0 1 63 1 0 0 -64 1 2 2 -42 1 2 1 -62 1 2 0 -55
0 0 3 2 1 1 0 -30 1 1 2 -59 1 1 1 -25 1 0 0 -64 1 0 2 1 1 0 1 63 1 2 0 -55 1 2 2 -42 1 2 1 -62
0 0 3 3 1 1 1 -25 1 1 0 -30 1 1 2 -59 1 0 1 63 1 0 0 -64 1 0 2 1 1 2 1 -62 1 2 0 -55 1 2 2 -42
0 0 3 4 1 1 2 -59 1 1 1 -25 0 0 0 0 1 0 2 1 1 0 1 63 0 0 0 0 1 2 2 -42 1 2 1 -62 0 0 0 0
0 0 3 5 0 0 0 0 1 1 2 -59 0 0 0 0 0 0 0 0 1 0 2 1 0 0 0 0 0 0 0 0 1 2 2 -42 0 0 0 0
0 0 3 6 0 0 0 0 0 0 0 0 0 0 0 0 0 0 0 0 0 0 0 0 0 0 0 0 0 0 0 0 0 0 0 0 0 0 0 0
0 0 3 7 0 0 0 0 0 0 0 0 0 0 0 0 0 0 0 0 0 0 0 0 0 0 0 0 0 0 0 0 0 0 0 0 0 0 0 0
0 0 4 0 1 2 1 -62 1 2 0 -55 0 0 0 0 1 1 1 -25 1 1 0 -30 0 0 0 0 1 0 1 63 1 0 0 -64 0 0 0 0
0 0 4 1 1 2 2 -42 1 2 1 -62 1 2 0 -55 1 1 2 -59 1 1 1 -25 1 1 0 -30 1 0 2 1 1 0 1 63 1 0 0 -64
0 0 4 2 1 2 0 -55 1 2 2 -42 1 2 1 -62 1 1 0 -30 1 1 2 -59 1 1 1 -25 1 0 0 -64 1 0 2 1 1 0 1 63
0 0 4 3 1 2 1 -62 1 2 0 -55 1 2 2 -42 1 1 1 -25 1 1 0 -30 1 1 2 -59 1 0 1 63 1 0 0 -64 1 0 2 1
0 0 4 4 1 2 2 -42 1 2 1 -62 0 0 0 0 1 1 2 -59 1 1 1 -25 0 0 0 0 1 0 2 1 1 0 1 63 0 0 0 0
0 0 4 5 0 0 0 0 1 2 2 -42 0 0 0 0 0 0 0 0 1 1 2 -59 0 0 0 0 0 0 0 0 1 0 2 1 0 0 0 0
0 0 4 6 0 0 0 0 0 0 0 0 0 0 0 0 0 0 0 0 0 0 0 0 0 0 0 0 0 0 0 0 0 0 0 0 0 0 0 0
0 0 4 7 0 0 0 0 0 0 0 0 0 0 0 0 0 0 0 0 0 0 0 0 0 0 0 0 0 0 0 0 0 0 0 0 0 0 0 0
0 0 5 0 1 0 1 63 1 0 0 -64 0 0 0 0 1 2 1 -62 1 2 0 -55 0 0 0 0 1 1 1 -25 1 1 0 -30 0 0 0 0
0 0 5 1 1 0 2 1 1 0 1 63 1 0 0 -64 1 2 2 -42 1 2 1 -62 1 2 0 -55 1 1 2 -59 1 1 1 -25 1 1 0 -30
0 0 5 2 1 0 0 -64 1 0 2 1 1 0 1 63 1 2 0 -55 1 2 2 -42 1 2 1 -62 1 1 0 -30 1 1 2 -59 1 1 1 -25
0 0 5 3 1 0 1 63 1 0 0 -64 1 0 2 1 1 2 1 -62 1 2 0 -55 1 2 2 -42 1 1 1 -25 1 1 0 -30 1 1 2 -59
0 0 5 4 1 0 2 1 1 0 1 63 0 0 0 0 1 2 2 -42 1 2 1 -62 0 0 0 0 1 1 2 -59 1 1 1 -25 0 0 0 0
0 0 5 5 0 0 0 0 1 0 2 1 0 0 0 0 0 0 0 0 1 2 2 -42 0 0 0 0 0 0 0 0 1 1 2 -59 0 0 0 0
0 0 5 6 0 0 0 0 0 0 0 0 0 0 0 0 0 0 0 0 0 0 0 0 0 0 0 0 0 0 0 0 0 0 0 0 0 0 0 0
0 0 5 7 0 0 0 0 0 0 0 0 0 0 0 0 0 0 0 0 0 0 0 0 0 0 0 0 0 0 0 0 0 0 0 0 0 0 0 0
0 0 6 0 1 1 1 -25 1 1 0 -30 0 0 0 0 0 0 0 0 0 0 0 0 0 0 0 0 1 2 1 -62 1 2 0 -55 0 0 0 0
0 0 6 1 1 1 2 -59 1 1 1 -25 1 1 0 -30 0 0 0 0 0 0 0 0 0 0 0 0 1 2 2 -42 1 2 1 -62 1 2 0 -55
0 0 6 2 1 1 0 -30 1 1 2 -59 1 1 1 -25 0 0 0 0 0 0 0 0 0 0 0 0 1 2 0 -55 1 2 2 -42 1 2 1 -62
0 0 6 3 1 1 1 -25 1 1 0 -30 1 1 2 -59 0 0 0 0 0 0 0 0 0 0 0 0 1 2 1 -62 1 2 0 -55 1 2 2 -42
0 0 6 4 1 1 2 -59 1 1 1 -25 0 0 0 0 0 0 0 0 0 0 0 0 0 0 0 0 1 2 2 -42 1 2 1 -62 0 0 0 0
0 0 6 5 0 0 0 0 1 1 2 -59 0 0 0 0 0 0 0 0 0 0 0 0 0 0 0 0 0 0 0 0 1 2 2 -42 0 0 0 0
0 0 6 6 0 0 0 0 0 0 0 0 0 0 0 0 0 0 0 0 0 0 0 0 0 0 0 0 0 0 0 0 0 0 0 0 0 0 0 0
0 0 6 7 0 0 0 0 0 0 0 0 0 0 0 0 0 0 0 0 0 0 0 0 0 0 0 0 0 0 0 0 0 0 0 0 0 0 0 0
0 0 7 0 1 2 1 -62 1 2 0 -55 0 0 0 0 0 0 0 0 0 0 0 0 0 0 0 0 0 0 0 0 0 0 0 0 0 0 0 0
0 0 7 1 1 2 2 -42 1 2 1 -62 1 2 0 -55 0 0 0 0 0 0 0 0 0 0 0 0 0 0 0 0 0 0 0 0 0 0 0 0
0 0 7 2 1 2 0 -55 1 2 2 -42 1 2 1 -62 0 0 0 0 0 0 0 0 0 0 0 0 0 0 0 0 0 0 0 0 0 0 0 0
0 0 7 3 1 2 1 -62 1 2 0 -55 1 2 2 -42 0 0 0 0 0 0 0 0 0 0 0 0 0 0 0 0 0 0 0 0 0 0 0 0
0 0 7 4 1 2 2 -42 1 2 1 -62 0 0 0 0 0 0 0 0 0 0 0 0 0 0 0 0 0 0 0 0 0 0 0 0 0 0 0 0
0 0 7 5 0 0 0 0 1 2 2 -42 0 0 0 0 0 0 0 0 0 0 0 0 0 0 0 0 0 0 0 0 0 0 0 0 0 0 0 0
0 0 7 6 0 0 0 0 0 0 0 0 0 0 0 0 0 0 0 0 0 0 0 0 0 0 0 0 0 0 0 0 0 0 0 0 0 0 0 0
0 0 7 7 0 0 0 0 0 0 0 0 0 0 0 0 0 0 0 0 0 0 0 0 0 0 0 0 0 0 0 0 0 0 0 0 0 0 0 0
0 1 0 0 1 1 1 13 1 1 0 0 0 0 0 0 1 0 1 19 1 0 0 40 0 0 0 0 0 0 0 0 0 0 0 0 0 0 0 0
0 1 0 1 1 1 2 60 1 1 1 13 1 1 0 0 1 0 2 52 1 0 1 19 1 0 0 40 0 0 0 0 0 0 0 0 0 0 0 0
0 1 0 2 1 1 0 0 1 1 2 60 1 1 1 13 1 0 0 40 1 0 2 52 1 0 1 19 0 0 0 0 0 0 0 0 0 0 0 0
0 1 0 3 1 1 1 13 1 1 0 0 1 1 2 60 1 0 1 19 1 0 0 40 1 0 2 52 0 0 0 0 0 0 0 0 0 0 0 0
0 1 0 4 1 1 2 60 1 1 1 13 0 0 0 0 1 0 2 52 1 0 1 19 0 0 0 0 0 0 0 0 0 0 0 0 0 0 0 0
0 1 0 5 0 0 0 0 1 1 2 60 0 0 0 0 0 0 0 0 1 0 2 52 0 0 0 0 0 0 0 0 0 0 0 0 0 0 0 0
0 1 0 6 0 0 0 0 0 0 0 0 0 0 0 0 0 0 0 0 0 0 0 0 0 0 0 0 0 0 0 0 0 0 0 0 0 0 0 0
0 1 0 7 0 0 0 0 0 0 0 0 0 0 0 0 0 0 0 0 0 0 0 0 0 0 0 0 0 0 0 0 0 0 0 0 0 0 0 0
0 1 1 0 1 2 1 16 1 2 0 29 0 0 0 0 1 1 1 13 1 1 0 0 0 0 0 0 1 0 1 19 1 0 0 40 0 0 0 0
0 1 1 1 1 2 2 5 1 2 1 16 1 2 0 29 1 1 2 60 1 1 1 13 1 1 0 0 1 0 2 52 1 0 1 19 1 0 0 40
0 1 1 2 1 2 0 29 1 2 2 5 1 2 1 16 1 1 0 0 1 1 2 60 1 1 1 13 1 0 0 40 1 0 2 52 1 0 1 19
0 1 1 3 1 2 1 16 1 2 0 29 1 2 2 5 1 1 1 13 1 1 0 0 1 1 2 60 1 0 1 19 1 0 0 40 1 0 2 52
0 1 1 4 1 2 2 5 1 2 1 16 0 0 0 0 1 1 2 60 1 1 1 13 0 0 0 0 1 0 2 52 1 0 1 19 0 0 0 0
0 1 1 5 0 0 0 0 1 2 2 5 0 0 0 0 0 0 0 0 1 1 2 60 0 0 0 0 0 0 0 0 1 0 2 52 0 0 0 0
0 1 1 6 0 0 0 0 0 0 0 0 0 0 0 0 0 0 0 0 0 0 0 0 0 0 0 0 0 0 0 0 0 0 0 0 0 0 0 0
0 1 1 7 0 0 0 0 0 0 0 0 0 0 0 0 0 0 0 0 0 0 0 0 0 0 0 0 0 0 0 0 0 0 0 0 0 0 0 0
0 1 2 0 1 0 1 19 1 0 0 40 0 0 0 0 1 2 1 16 1 2 0 29 0 0 0 0 1 1 1 13 1 1 0 0 0 0 0 0
0 1 2 1 1 0 2 52 1 0 1 19 1 0 0 40 1 2 2 5 1 2 1 16 1 2 0 29 1 1 2 60 1 1 1 13 1 1 0 0
0 1 2 2 1 0 0 40 1 0 2 52 1 0 1 19 1 2 0 29 1 2 2 5 1 2 1 16 1 1 0 0 1 1 2 60 1 1 1 13
0 1 2 3 1 0 1 19 1 0 0 40 1 0 2 52 1 2 1 16 1 2 0 29 1 2 2 5 1 1 1 13 1 1 0 0 1 1 2 60
0 1 2 4 1 0 2 52 1 0 1 19 0 0 0 0 1 2 2 5 1 2 1 16 0 0 0 0 1 1 2 60 1 1 1 13 0 0 0 0
0 1 2 5 0 0 0 0 1 0 2 52 0 0 0 0 0 0 0 0 1 2 2 5 0 0 0 0 0 0 0 0 1 1 2 60 0 0 0 0
0 1 2 6 0 0 0 0 0 0 0 0 0 0 0 0 0 0 0 0 0 0 0 0 0 0 0 0 0 0 0 0 0 0 0 0 0 0 0 0
0 1 2 7 0 0 0 0 0 0 0 0 0 0 0 0 0 0 0 0 0 0 0 0 0 0 0 0 0 0 0 0 0 0 0 0 0 0 0 0
0 1 3 0 1 1 1 13 1 1 0 0 0 0 0 0 1 0 1 19 1 0 0 40 0 0 0 0 1 2 1 16 1 2 0 29 0 0 0 0
0 1 3 1 1 1 2 60 1 1 1 13 1 1 0 0 1 0 2 52 1 0 1 19 1 0 0 40 1 2 2 5 1 2 1 16 1 2 0 29
0 1 3 2 1 1 0 0 1 1 2 60 1 1 1 13 1 0 0 40 1 0 2 52 1 0 1 19 1 2 0 29 1 2 2 5 1 2 1 16
0 1 3 3 1 1 1 13 1 1 0 0 1 1 2 60 1 0 1 19 1 0 0 40 1 0 2 52 1 2 1 16 1 2 0 29 1 2 2 5
0 1 3 4 1 1 2 60 1 1 1 13 0 0 0 0 1 0 2 52 1 0 1 19 0 0 0 0 1 2 2 5 1 2 1 16 0 0 0 0
0 1 3 5 0 0 0 0 1 1 2 60 0 0 0 0 0 0 0 0 1 0 2 52 0 0 0 0 0 0 0 0 1 2 2 5 0 0 0 0
0 1 3 6 0 0 0 0 0 0 0 0 0 0 0 0 0 0 0 0 0 0 0 0 0 0 0 0 0 0 0 0 0 0 0 0 0 0 0 0
0 1 3 7 0 0 0 0 0 0 0 0 0 0 0 0 0 0 0 0 0 0 0 0 0 0 0 0 0 0 0 0 0 0 0 0 0 0 0 0
0 1 4 0 1 2 1 16 1 2 0 29 0 0 0 0 1 1 1 13 1 1 0 0 0 0 0 0 1 0 1 19 1 0 0 40 0 0 0 0
0 1 4 1 1 2 2 5 1 2 1 16 1 2 0 29 1 1 2 60 1 1 1 13 1 1 0 0 1 0 2 52 1 0 1 19 1 0 0 40
0 1 4 2 1 2 0 29 1 2 2 5 1 2 1 16 1 1 0 0 1 1 2 60 1 1 1 13 1 0 0 40 1 0 2 52 1 0 1 19
0 1 4 3 1 2 1 16 1 2 0 29 1 2 2 5 1 1 1 13 1 1 0 0 1 1 2 60 1 0 1 19 1 0 0 40 1 0 2 52
0 1 4 4 1 2 2 5 1 2 1 16 0 0 0 0 1 1 2 60 1 1 1 13 0 0 0 0 1 0 2 52 1 0 1 19 0 0 0 0
0 1 4 5 0 0 0 0 1 2 2 5 0 0 0 0 0 0 0 0 1 1 2 60 0 0 0 0 0 0 0 0 1 0 2 52 0 0 0 0
0 1 4 6 0 0 0 0 0 0 0 0 0 0 0 0 0 0 0 0 0 0 0 0 0 0 0 0 0 0 0 0 0 0 0 0 0 0 0 0
0 1 4 7 0 0 0 0 0 0 0 0 0 0 0 0 0 0 0 0 0 0 0 0 0 0 0 0 0 0 0 0 0 0 0 0 0 0 0 0
0 1 5 0 1 0 1 19 1 0 0 40 0 0 0 0 1 2 1 16 1 2 0 29 0 0 0 0 1 1 1 13 1 1 0 0 0 0 0 0
0 1 5 1 1 0 2 52 1 0 1 19 1 0 0 40 1 2 2 5 1 2 1 16 1 2 0 29 1 1 2 60 1 1 1 13 1 1 0 0
0 1 5 2 1 0 0 40 1 0 2 52 1 0 1 19 1 2 0 29 1 2 2 5 1 2 1 16 1 1 0 0 1 1 2 60 1 1 1 13
0 1 5 3 1 0 1 19 1 0 0 40 1 0 2 52 1 2 1 16 1 2 0 29 1 2 2 5 1 1 1 13 1 1 0 0 1 1 2 60
0 1 5 4 1 0 2 52 1 0 1 19 0 0 0 0 1 2 2 5 1 2 1 16 0 0 0 0 1 1 2 60 1 1 1 13 0 0 0 0
0 1 5 5 0 0 0 0 1 0 2 52 0 0 0 0 0 0 0 0 1 2 2 5 0 0 0 0 0 0 0 0 1 1 2 60 0 0 0 0
0 1 5 6 0 0 0 0 0 0 0 0 0 0 0 0 0 0 0 0 0 0 0 0 0 0 0 0 0 0 0 0 0 0 0 0 0 0 0 0
0 1 5 7 0 0 0 0 0 0 0 0 0 0 0 0 0 0 0 0 0 0 0 0 0 0 0 0 0 0 0 0 0 0 0 0 0 0 0 0
0 1 6 0 1 1 1 13 1 1 0 0 0 0 0 0 0 0 0 0 0 0 0 0 0 0 0 0 1 2 1 16 1 2 0 29 0 0 0 0
0 1 6 1 1 1 2 60 1 1 1 13 1 1 0 0 0 0 0 0 0 0 0 0 0 0 0 0 1 2 2 5 1 2 1 16 1 2 0 29
0 1 6 2 1 1 0 0 1 1 2 60 1 1 1 13 0 0 0 0 0 0 0 0 0 0 0 0 1 2 0 29 1 2 2 5 1 2 1 16
0 1 6 3 1 1 1 13 1 1 0 0 1 1 2 60 0 0 0 0 0 0 0 0 0 0 0 0 1 2 1 16 1 2 0 29 1 2 2 5
0 1 6 4 1 1 2 60 1 1 1 13 0 0 0 0 0 0 0 0 0 0 0 0 0 0 0 0 1 2 2 5 1 2 1 16 0 0 0 0
0 1 6 5 0 0 0 0 1 1 2 60 0 0 0 0 0 0 0 0 0 0 0 0 0 0 0 0 0 0 0 0 1 2 2 5 0 0 0 0
0 1 6 6 0 0 0 0 0 0 0 0 0 0 0 0 0 0 0 0 0 0 0 0 0 0 0 0 0 0 0 0 0 0 0 0 0 0 0 0
0 1 6 7 0 0 0 0 0 0 0 0 0 0 0 0 0 0 0 0 0 0 0 0 0 0 0 0 0 0 0 0 0 0 0 0 0 0 0 0
0 1 7 0 1 2 1 16 1 2 0 29 0 0 0 0 0 0 0 0 0 0 0 0 0 0 0 0 0 0 0 0 0 0 0 0 0 0 0 0
0 1 7 1 1 2 2 5 1 2 1 16 1 2 0 29 0 0 0 0 0 0 0 0 0 0 0 0 0 0 0 0 0 0 0 0 0 0 0 0
0 1 7 2 1 2 0 29 1 2 2 5 1 2 1 16 0 0 0 0 0 0 0 0 0 0 0 0 0 0 0 0 0 0 0 0 0 0 0 0
0 1 7 3 1 2 1 16 1 2 0 29 1 2 2 5 0 0 0 0 0 0 0 0 0 0 0 0 0 0 0 0 0 0 0 0 0 0 0 0
0 1 7 4 1 2 2 5 1 2 1 16 0 0 0 0 0 0 0 0 0 0 0 0 0 0 0 0 0 0 0 0 0 0 0 0 0 0 0 0
0 1 7 5 0 0 0 0 1 2 2 5 0 0 0 0 0 0 0 0 0 0 0 0 0 0 0 0 0 0 0 0 0 0 0 0 0 0 0 0
0 1 7 6 0 0 0 0 0 0 0 0 0 0 0 0 0 0 0 0 0 0 0 0 0 0 0 0 0 0 0 0 0 0 0 0 0 0 0 0
0 1 7 7 0 0 0 0 0 0 0 0 0 0 0 0 0 0 0 0 0 0 0 0 0 0 0 0 0 0 0 0 0 0 0 0 0 0 0 0
0 2 0 0 1 1 1 21 1 1 0 40 0 0 0 0 1 0 1 55 1 0 0 7 0 0 0 0 0 0 0 0 0 0 0 0 0 0 0 0
0 2 0 1 1 1 2 -64 1 1 1 21 1 1 0 40 1 0 2 -29 1 0 1 55 1 0 0 7 0 0 0 0 0 0 0 0 0 0 0 0
0 2 0 2 1 1 0 40 1 1 2 -64 1 1 1 21 1 0 0 7 1 0 2 -29 1 0 1 55 0 0 0 0 0 0 0 0 0 0 0 0
0 2 0 3 1 1 1 21 1 1 0 40 1 1 2 -64 1 0 1 55 1 0 0 7 1 0 2 -29 0 0 0 0 0 0 0 0 0 0 0 0
0 2 0 4 1 1 2 -64 1 1 1 21 0 0 0 0 1 0 2 -29 1 0 1 55 0 0 0 0 0 0 0 0 0 0 0 0 0 0 0 0
0 2 0 5 0 0 0 0 1 1 2 -64 0 0 0 0 0 0 0 0 1 0 2 -29 0 0 0 0 0 0 0 0 0 0 0 0 0 0 0 0
0 2 0 6 0 0 0 0 0 0 0 0 0 0 0 0 0 0 0 0 0 0 0 0 0 0 0 0 0 0 0 0 0 0 0 0 0 0 0 0
0 2 0 7 0 0 0 0 0 0 0 0 0 0 0 0 0 0 0 0 0 0 0 0 0 0 0 0 0 0 0 0 0 0 0 0 0 0 0 0
0 2 1 0 1 2 1 45 1 2 0 -14 0 0 0 0 1 1 1 21 1 1 0 40 0 0 0 0 1 0 1 55 1 0 0 7 0 0 0 0
0 2 1 1 1 2 2 6 1 2 1 45 1 2 0 -14 1 1 2 -64 1 1 1 21 1 1 0 40 1 0 2 -29 1 0 1 55 1 0 0 7
0 2 1 2 1 2 0 -14 1 2 2 6 1 2 1 45 1 1 0 40 1 1 2 -64 1 1 1 21 1 0 0 7 1 0 2 -29 1 0 1 55
0 2 1 3 1 2 1 45 1 2 0 -14 1 2 2 6 1 1 1 21 1 1 0 40 1 1 2 -64 1 0 1 55 1 0 0 7 1 0 2 -29
0 2 1 4 1 2 2 6 1 2 1 45 0 0 0 0 1 1 2 -64 1 1 1 21 0 0 0 0 1 0 2 -29 1 0 1 55 0 0 0 0
0 2 1 5 0 0 0 0 1 2 2 6 0 0 0 0 0 0 0 0 1 1 2 -64 0 0 0 0 0 0 0 0 1 0 2 -29 0 0 0 0
0 2 1 6 0 0 0 0 0 0 0 0 0 0 0 0 0 0 0 0 0 0 0 0 0 0 0 0 0 0 0 0 0 0 0 0 0 0 0 0
0 2 1 7 0 0 0 0 0 0 0 0 0 0 0 0 0 0 0 0 0 0 0 0 0 0 0 0 0 0 0 0 0 0 0 0 0 0 0 0
0 2 2 0 1 0 1 55 1 0 0 7 0 0 0 0 1 2 1 45 1 2 0 -14 0 0 0 0 1 1 1 21 1 1 0 40 0 0 0 0
0 2 2 1 1 0 2 -29 1 0 1 55 1 0 0 7 1 2 2 6 1 2 1 45 1 2 0 -14 1 1 2 -64 1 1 1 21 1 1 0 40
0 2 2 2 1 0 0 7 1 0 2 -29 1 0 1 55 1 2 0 -14 1 2 2 6 1 2 1 45 1 1 0 40 1 1 2 -64 1 1 1 21
0 2 2 3 1 0 1 55 1 0 0 7 1 0 2 -29 1 2 1 45 1 2 0 -14 1 2 2 6 1 1 1 21 1 1 0 40 1 1 2 -64
0 2 2 4 1 0 2 -29 1 0 1 55 0 0 0 0 1 2 2 6 1 2 1 45 0 0 0 0 1 1 2 -64 1 1 1 21 0 0 0 0
0 2 2 5 0 0 0 0 1 0 2 -29 0 0 0 0 0 0 0 0 1 2 2 6 0 0 0 0 0 0 0 0 1 1 2 -64 0 0 0 0
0 2 2 6 0 0 0 0 0 0 0 0 0 0 0 0 0 0 0 0 0 0 0 0 0 0 0 0 0 0 0 0 0 0 0 0 0 0 0 0
0 2 2 7 0 0 0 0 0 0 0 0 0 0 0 0 0 0 0 0 0 0 0 0 0 0 0 0 0 0 0 0 0 0 0 0 0 0 0 0
0 2 3 0 1 1 1 21 1 1 0 40 0 0 0 0 1 0 1 55 1 0 0 7 0 0 0 0 1 2 1 45 1 2 0 -14 0 0 0 0
0 2 3 1 1 1 2 -64 1 1 1 21 1 1 0 40 1 0 2 -29 1 0 1 55 1 0 0 7 1 2 2 6 1 2 1 45 1 2 0 -14
0 2 3 2 1 1 0 40 1 1 2 -64 1 1 1 21 1 0 0 7 1 0 2 -29 1 0 1 55 1 2 0 -14 1 2 2 6 1 2 1 45
0 2 3 3 1 1 1 21 1 1 0 40 1 1 2 -64 1 0 1 55 1 0 0 7 1 0 2 -29 1 2 1 45 1 2 0 -14 1 2 2 6
0 2 3 4 1 1 2 -64 1 1 1 21 0 0 0 0 1 0 2 -29 1 0 1 55 0 0 0 0 1 2 2 6 1 2 1 45 0 0 0 0
0 2 3 5 0 0 0 0 1 1 2 -64 0 0 0 0 0 0 0 0 1 0 2 -29 0 0 0 0 0 0 0 0 1 2 2 6 0 0 0 0
0 2 3 6 0 0 0 0 0 0 0 0 0 0 0 0 0 0 0 0 0 0 0 0 0 0 0 0 0 0 0 0 0 0 0 0 0 0 0 0
0 2 3 7 0 0 0 0 0 0 0 0 0 0 0 0 0 0 0 0 0 0 0 0 0 0 0 0 0 0 0 0 0 0 0 0 0 0 0 0
0 2 4 0 1 2 1 45 1 2 0 -14 0 0 0 0 1 1 1 21 1 1 0 40 0 0 0 0 1 0 1 55 1 0 0 7 0 0 0 0
0 2 4 1 1 2 2 6 1 2 1 45 1 2 0 -14 1 1 2 -64 1 1 1 21 1 1 0 40 1 0 2 -29 1 0 1 55 1 0 0 7
0 2 4 2 1 2 0 -14 1 2 2 6 1 2 1 45 1 1 0 40 1 1 2 -64 1 1 1 21 1 0 0 7 1 0 2 -29 1 0 1 55
0 2 4 3 1 2 1 45 1 2 0 -14 1 2 2 6 1 1 1 21 1 1 0 40 1 1 2 -64 1 0 1 55 1 0 0 7 1 0 2 -29
0 2 4 4 1 2 2 6 1 2 1 45 0 0 0 0 1 1 2 -64 1 1 1 21 0 0 0 0 1 0 2 -29 1 0 1 55 0 0 0 0
0 2 4 5 0 0 0 0 1 2 2 6 0 0 0 0 0 0 0 0 1 1 2 -64 0 0 0 0 0 0 0 0 1 0 2 -29 0 0 0 0
0 2 4 6 0 0 0 0 0 0 0 0 0 0 0 0 0 0 0 0 0 0 0 0 0 0 0 0 0 0 0 0 0 0 0 0 0 0 0 0
0 2 4 7 0 0 0 0 0 0 0 0 0 0 0 0 0 0 0 0 0 0 0 0 0 0 0 0 0 0 0 0 0 0 0 0 0 0 0 0
0 2 5 0 1 0 1 55 1 0 0 7 0 0 0 0 1 2 1 45 1 2 0 -14 0 0 0 0 1 1 1 21 1 1 0 40 0 0 0 0
0 2 5 1 1 0 2 -29 1 0 1 55 1 0 0 7 1 2 2 6 1 2 1 45 1 2 0 -14 1 1 2 -64 1 1 1 21 1 1 0 40
0 2 5 2 1 0 0 7 1 0 2 -29 1 0 1 55 1 2 0 -14 1 2 2 6 1 2 1 45 1 1 0 40 1 1 2 -64 1 1 1 21
0 2 5 3 1 0 1 55 1 0 0 7 1 0 2 -29 1 2 1 45 1 2 0 -14 1 2 2 6 1 1 1 21 1 1 0 40 1 1 2 -64
0 2 5 4 1 0 2 -29 1 0 1 55 0 0 0 0 1 2 2 6 1 2 1 45 0 0 0 0 1 1 2 -64 1 1 1 21 0 0 0 0
0 2 5 5 0 0 0 0 1 0 2 -29 0 0 0 0 0 0 0 0 1 2 2 6 0 0 0 0 0 0 0 0 1 1 2 -64 0 0 0 0
0 2 5 6 0 0 0 0 0 0 0 0 0 0 0 0 0 0 0 0 0 0 0 0 0 0 0 0 0 0 0 0 0 0 0 0 0 0 0 0
0 2 5 7 0 0 0 0 0 0 0 0 0 0 0 0 0 0 0 0 0 0 0 0 0 0 0 0 0 0 0 0 0 0 0 0 0 0 0 0
0 2 6 0 1 1 1 21 1 1 0 40 0 0 0 0 0 0 0 0 0 0 0 0 0 0 0 0 1 2 1 45 1 2 0 -14 0 0 0 0
0 2 6 1 1 1 2 -64 1 1 1 21 1 1 0 40 0 0 0 0 0 0 0 0 0 0 0 0 1 2 2 6 1 2 1 45 1 2 0 -14
0 2 6 2 1 1 0 40 1 1 2 -64 1 1 1 21 0 0 0 0 0 0 0 0 0 0 0 0 1 2 0 -14 1 2 2 6 1 2 1 45
0 2 6 3 1 1 1 21 1 1 0 40 1 1 2 -64 0 0 0 0 0 0 0 0 0 0 0 0 1 2 1 45 1 2 0 -14 1 2 2 6
0 2 6 4 1 1 2 -64 1 1 1 21 0 0 0 0 0 0 0 0 0 0 0 0 0 0 0 0 1 2 2 6 1 2 1 45 0 0 0 0
0 2 6 5 0 0 0 0 1 1 2 -64 0 0 0 0 0 0 0 0 0 0 0 0 0 0 0 0 0 0 0 0 1 2 2 6 0 0 0 0
0 2 6 6 0 0 0 0 0 0 0 0 0 0 0 0 0 0 0 0 0 0 0 0 0 0 0 0 0 0 0 0 0 0 0 0 0 0 0 0
0 2 6 7 0 0 0 0 0 0 0 0 0 0 0 0 0 0 0 0 0 0 0 0 0 0 0 0 0 0 0 0 0 0 0 0 0 0 0 0
0 2 7 0 1 2 1 45 1 2 0 -14 0 0 0 0 0 0 0 0 0 0 0 0 0 0 0 0 0 0 0 0 0 0 0 0 0 0 0 0
0 2 7 1 1 2 2 6 1 2 1 45 1 2 0 -14 0 0 0 0 0 0 0 0 0 0 0 0 0 0 0 0 0 0 0 0 0 0 0 0
0 2 7 2 1 2 0 -14 1 2 2 6 1 2 1 45 0 0 0 0 0 0 0 0 0 0 0 0 0 0 0 0 0 0 0 0 0 0 0 0
0 2 7 3 1 2 1 45 1 2 0 -14 1 2 2 6 0 0 0 0 0 0 0 0 0 0 0 0 0 0 0 0 0 0 0 0 0 0 0 0
0 2 7 4 1 2 2 6 1 2 1 45 0 0 0 0 0 0 0 0 0 0 0 0 0 0 0 0 0 0 0 0 0 0 0 0 0 0 0 0
0 2 7 5 0 0 0 0 1 2 2 6 0 0 0 0 0 0 0 0 0 0 0 0 0 0 0 0 0 0 0 0 0 0 0 0 0 0 0 0
0 2 7 6 0 0 0 0 0 0 0 0 0 0 0 0 0 0 0 0 0 0 0 0 0 0 0 0 0 0 0 0 0 0 0 0 0 0 0 0
0 2 7 7 0 0 0 0 0 0 0 0 0 0 0 0 0 0 0 0 0 0 0 0 0 0 0 0 0 0 0 0 0 0 0 0 0 0 0 0
1 0 0 0 1 1 1 -42 1 1 0 44 0 0 0 0 1 0 1 33 1 0 0 -60 0 0 0 0 0 0 0 0 0 0 0 0 0 0 0 0
1 0 0 1 1 1 2 -53 1 1 1 -42 1 1 0 44 1 0 2 29 1 0 1 33 1 0 0 -60 0 0 0 0 0 0 0 0 0 0 0 0
1 0 0 2 1 1 0 44 1 1 2 -53 1 1 1 -42 1 0 0 -60 1 0 2 29 1 0 1 33 0 0 0 0 0 0 0 0 0 0 0 0
1 0 0 3 1 1 1 -42 1 1 0 44 1 1 2 -53 1 0 1 33 1 0 0 -60 1 0 2 29 0 0 0 0 0 0 0 0 0 0 0 0
1 0 0 4 1 1 2 -53 1 1 1 -42 0 0 0 0 1 0 2 29 1 0 1 33 0 0 0 0 0 0 0 0 0 0 0 0 0 0 0 0
1 0 0 5 0 0 0 0 1 1 2 -53 0 0 0 0 0 0 0 0 1 0 2 29 0 0 0 0 0 0 0 0 0 0 0 0 0 0 0 0
1 0 0 6 0 0 0 0 0 0 0 0 0 0 0 0 0 0 0 0 0 0 0 0 0 0 0 0 0 0 0 0 0 0 0 0 0 0 0 0
1 0 0 7 0 0 0 0 0 0 0 0 0 0 0 0 0 0 0 0 0 0 0 0 0 0 0 0 0 0 0 0 0 0 0 0 0 0 0 0
1 0 1 0 1 2 1 -62 1 2 0 46 0 0 0 0 1 1 1 -42 1 1 0 44 0 0 0 0 1 0 1 33 1 0 0 -60 0 0 0 0
1 0 1 1 1 2 2 5 1 2 1 -62 1 2 0 46 1 1 2 -53 1 1 1 -42 1 1 0 44 1 0 2 29 1 0 1 33 1 0 0 -60
1 0 1 2 1 2 0 46 1 2 2 5 1 2 1 -62 1 1 0 44 1 1 2 -53 1 1 1 -42 1 0 0 -60 1 0 2 29 1 0 1 33
1 0 1 3 1 2 1 -62 1 2 0 46 1 2 2 5 1 1 1 -42 1 1 0 44 1 1 2 -53 1 0 1 33 1 0 0 -60 1 0 2 29
1 0 1 4 1 2 2 5 1 2 1 -62 0 0 0 0 1 1 2 -53 1 1 1 -42 0 0 0 0 1 0 2 29 1 0 1 33 0 0 0 0
1 0 1 5 0 0 0 0 1 2 2 5 0 0 0 0 0 0 0 0 1 1 2 -53 0 0 0 0 0 0 0 0 1 0 2 29 0 0 0 0
1 0 1 6 0 0 0 0 0 0 0 0 0 0 0 0 0 0 0 0 0 0 0 0 0 0 0 0 0 0 0 0 0 0 0 0 0 0 0 0
1 0 1 7 0 0 0 0 0 0 0 0 0 0 0 0 0 0 0 0 0 0 0 0 0 0 0 0 0 0 0 0 0 0 0 0 0 0 0 0
1 0 2 0 1 0 1 33 1 0 0 -60 0 0 0 0 1 2 1 -62 1 2 0 46 0 0 0 0 1 1 1 -42 1 1 0 44 0 0 0 0
1 0 2 1 1 0 2 29 1 0 1 33 1 0 0 -60 1 2 2 5 1 2 1 -62 1 2 0 46 1 1 2 -53 1 1 1 -42 1 1 0 44
1 0 2 2 1 0 0 -60 1 0 2 29 1 0 1 33 1 2 0 46 1 2 2 5 1 2 1 -62 1 1 0 44 1 1 2 -53 1 1 1 -42
1 0 2 3 1 0 1 33 1 0 0 -60 1 0 2 29 1 2 1 -62 1 2 0 46 1 2 2 5 1 1 1 -42 1 1 0 44 1 1 2 -53
1 0 2 4 1 0 2 29 1 0 1 33 0 0 0 0 1 2 2 5 1 2 1 -62 0 0 0 0 1 1 2 -53 1 1 1 -42 0 0 0 0
1 0 2 5 0 0 0 0 1 0 2 29 0 0 0 0 0 0 0 0 1 2 2 5 0 0 0 0 0 0 0 0 1 1 2 -53 0 0 0 0
1 0 2 6 0 0 0 0 0 0 0 0 0 0 0 0 0 0 0 0 0 0 0 0 0 0 0 0 0 0 0 0 0 0 0 0 0 0 0 0
1 0 2 7 0 0 0 0 0 0 0 0 0 0 0 0 0 0 0 0 0 0 0 0 0 0 0 0 0 0 0 0 0 0 0 0 0 0 0 0
1 0 3 0 1 1 1 -42 1 1 0 44 0 0 0 0 1 0 1 33 1 0 0 -60 0 0 0 0 1 2 1 -62 1 2 0 46 0 0 0 0
1 0 3 1 1 1 2 -53 1 1 1 -42 1 1 0 44 1 0 2 29 1 0 1 33 1 0 0 -60 1 2 2 5 1 2 1 -62 1 2 0 46
1 0 3 2 1 1 0 44 1 1 2 -53 1 1 1 -42 1 0 0 -60 1 0 2 29 1 0 1 33 1 2 0 46 1 2 2 5 1 2 1 -62
1 0 3 3 1 1 1 -42 1 1 0 44 1 1 2 -53 1 0 1 33 1 0 0 -60 1 0 2 29 1 2 1 -62 1 2 0 46 1 2 2 5
1 0 3 4 1 1 2 -53 1 1 1 -42 0 0 0 0 1 0 2 29 1 0 1 33 0 0 0 0 1 2 2 5 1 2 1 -62 0 0 0 0
1 0 3 5 0 0 0 0 1 1 2 -53 0 0 0 0 0 0 0 0 1 0 2 29 0 0 0 0 0 0 0 0 1 2 2 5 0 0 0 0
1 0 3 6 0 0 0 0 0 0 0 0 0 0 0 0 0 0 0 0 0 0 0 0 0 0 0 0 0 0 0 0 0 0 0 0 0 0 0 0
1 0 3 7 0 0 0 0 0 0 0 0 0 0 0 0 0 0 0 0 0 0 0 0 0 0 0 0 0 0 0 0 0 0 0 0 0 0 0 0
1 0 4 0 1 2 1 -62 1 2 0 46 0 0 0 0 1 1 1 -42 1 1 0 44 0 0 0 0 1 0 1 33 1 0 0 -60 0 0 0 0
1 0 4 1 1 2 2 5 1 2 1 -62 1 2 0 46 1 1 2 -53 1 1 1 -42 1 1 0 44 1 0 2 29 1 0 1 33 1 0 0 -60
1 0 4 2 1 2 0 46 1 2 2 5 1 2 1 -62 1 1 0 44 1 1 2 -53 1 1 1 -42 1 0 0 -60 1 0 2 29 1 0 1 33
1 0 4 3 1 2 1 -62 1 2 0 46 1 2 2 5 1 1 1 -42 1 1 0 44 1 1 2 -53 1 0 1 33 1 0 0 -60 1 0 2 29
1 0 4 4 1 2 2 5 1 2 1 -62 0 0 0 0 1 1 2 -53 1 1 1 -42 0 0 0 0 1 0 2 29 1 0 1 33 0 0 0 0
1 0 4 5 0 0 0 0 1 2 2 5 0 0 0 0 0 0 0 0 1 1 2 -53 0 0 0 0 0 0 0 0 1 0 2 29 0 0 0 0
1 0 4 6 0 0 0 0 0 0 0 0 0 0 0 0 0 0 0 0 0 0 0 0 0 0 0 0 0 0 0 0 0 0 0 0 0 0 0 0
1 0 4 7 0 0 0 0 0 0 0 0 0 0 0 0 0 0 0 0 0 0 0 0 0 0 0 0 0 0 0 0 0 0 0 0 0 0 0 0
1 0 5 0 1 0 1 33 1 0 0 -60 0 0 0 0 1 2 1 -62 1 2 0 46 0 0 0 0 1 1 1 -42 1 1 0 44 0 0 0 0
1 0 5 1 1 0 2 29 1 0 1 33 1 0 0 -60 1 2 2 5 1 2 1 -62 1 2 0 46 1 1 2 -53 1 1 1 -42 1 1 0 44
1 0 5 2 1 0 0 -60 1 0 2 29 1 0 1 33 1 2 0 46 1 2 2 5 1 2 1 -62 1 1 0 44 1 1 2 -53 1 1 1 -42
1 0 5 3 1 0 1 33 1 0 0 -60 1 0 2 29 1 2 1 -62 1 2 0 46 1 2 2 5 1 1 1 -42 1 1 0 44 1 1 2 -53
1 0 5 4 1 0 2 29 1 0 1 33 0 0 0 0 1 2 2 5 1 2 1 -62 0 0 0 0 1 1 2 -53 1 1 1 -42 0 0 0 0
1 0 5 5 0 0 0 0 1 0 2 29 0 0 0 0 0 0 0 0 1 2 2 5 0 0 0 0 0 0 0 0 1 1 2 -53 0 0 0 0
1 0 5 6 0 0 0 0 0 0 0 0 0 0 0 0 0 0 0 0 0 0 0 0 0 0 0 0 0 0 0 0 0 0 0 0 0 0 0 0
1 0 5 7 0 0 0 0 0 0 0 0 0 0 0 0 0 0 0 0 0 0 0 0 0 0 0 0 0 0 0 0 0 0 0 0 0 0 0 0
1 0 6 0 1 1 1 -42 1 1 0 44 0 0 0 0 0 0 0 0 0 0 0 0 0 0 0 0 1 2 1 -62 1 2 0 46 0 0 0 0
1 0 6 1 1 1 2 -53 1 1 1 -42 1 1 0 44 0 0 0 0 0 0 0 0 0 0 0 0 1 2 2 5 1 2 1 -62 1 2 0 46
1 0 6 2 1 1 0 44 1 1 2 -53 1 1 1 -42 0 0 0 0 0 0 0 0 0 0 0 0 1 2 0 46 1 2 2 5 1 2 1 -62
1 0 6 3 1 1 1 -42 1 1 0 44 1 1 2 -53 0 0 0 0 0 0 0 0 0 0 0 0 1 2 1 -62 1 2 0 46 1 2 2 5
1 0 6 4 1 1 2 -53 1 1 1 -42 0 0 0 0 0 0 0 0 0 0 0 0 0 0 0 0 1 2 2 5 1 2 1 -62 0 0 0 0
1 0 6 5 0 0 0 0 1 1 2 -53 0 0 0 0 0 0 0 0 0 0 0 0 0 0 0 0 0 0 0 0 1 2 2 5 0 0 0 0
1 0 6 6 0 0 0 0 0 0 0 0 0 0 0 0 0 0 0 0 0 0 0 0 0 0 0 0 0 0 0 0 0 0 0 0 0 0 0 0
1 0 6 7 0 0 0 0 0 0 0 0 0 0 0 0 0 0 0 0 0 0 0 0 0 0 0 0 0 0 0 0 0 0 0 0 0 0 0 0
1 0 7 0 1 2 1 -62 1 2 0 46 0 0 0 0 0 0 0 0 0 0 0 0 0 0 0 0 0 0 0 0 0 0 0 0 0 0 0 0
1 0 7 1 1 2 2 5 1 2 1 -62 1 2 0 46 0 0 0 0 0 0 0 0 0 0 0 0 0 0 0 0 0 0 0 0 0 0 0 0
1 0 7 2 1 2 0 46 1 2 2 5 1 2 1 -62 0 0 0 0 0 0 0 0 0 0 0 0 0 0 0 0 0 0 0 0 0 0 0 0
1 0 7 3 1 2 1 -62 1 2 0 46 1 2 2 5 0 0 0 0 0 0 0 0 0 0 0 0 0 0 0 0 0 0 0 0 0 0 0 0
1 0 7 4 1 2 2 5 1 2 1 -62 0 0 0 0 0 0 0 0 0 0 0 0 0 0 0 0 0 0 0 0 0 0 0 0 0 0 0 0
1 0 7 5 0 0 0 0 1 2 2 5 0 0 0 0 0 0 0 0 0 0 0 0 0 0 0 0 0 0 0 0 0 0 0 0 0 0 0 0
1 0 7 6 0 0 0 0 0 0 0 0 0 0 0 0 0 0 0 0 0 0 0 0 0 0 0 0 0 0 0 0 0 0 0 0 0 0 0 0
1 0 7 7 0 0 0 0 0 0 0 0 0 0 0 0 0 0 0 0 0 0 0 0 0 0 0 0 0 0 0 0 0 0 0 0 0 0 0 0
1 1 0 0 1 1 1 -13 1 1 0 -10 0 0 0 0 1 0 1 -26 1 0 0 -54 0 0 0 0 0 0 0 0 0 0 0 0 0 0 0 0
1 1 0 1 1 1 2 -61 1 1 1 -13 1 1 0 -10 1 0 2 -3 1 0 1 -26 1 0 0 -54 0 0 0 0 0 0 0 0 0 0 0 0
1 1 0 2 1 1 0 -10 1 1 2 -61 1 1 1 -13 1 0 0 -54 1 0 2 -3 1 0 1 -26 0 0 0 0 0 0 0 0 0 0 0 0
1 1 0 3 1 1 1 -13 1 1 0 -10 1 1 2 -61 1 0 1 -26 1 0 0 -54 1 0 2 -3 0 0 0 0 0 0 0 0 0 0 0 0
1 1 0 4 1 1 2 -61 1 1 1 -13 0 0 0 0 1 0 2 -3 1 0 1 -26 0 0 0 0 0 0 0 0 0 0 0 0 0 0 0 0
1 1 0 5 0 0 0 0 1 1 2 -61 0 0 0 0 0 0 0 0 1 0 2 -3 0 0 0 0 0 0 0 0 0 0 0 0 0 0 0 0
1 1 0 6 0 0 0 0 0 0 0 0 0 0 0 0 0 0 0 0 0 0 0 0 0 0 0 0 0 0 0 0 0 0 0 0 0 0 0 0
1 1 0 7 0 0 0 0 0 0 0 0 0 0 0 0 0 0 0 0 0 0 0 0 0 0 0 0 0 0 0 0 0 0 0 0 0 0 0 0
1 1 1 0 1 2 1 -49 1 2 0 -64 0 0 0 0 1 1 1 -13 1 1 0 -10 0 0 0 0 1 0 1 -26 1 0 0 -54 0 0 0 0
1 1 1 1 1 2 2 -63 1 2 1 -49 1 2 0 -64 1 1 2 -61 1 1 1 -13 1 1 0 -10 1 0 2 -3 1 0 1 -26 1 0 0 -54
1 1 1 2 1 2 0 -64 1 2 2 -63 1 2 1 -49 1 1 0 -10 1 1 2 -61 1 1 1 -13 1 0 0 -54 1 0 2 -3 1 0 1 -26
1 1 1 3 1 2 1 -49 1 2 0 -64 1 2 2 -63 1 1 1 -13 1 1 0 -10 1 1 2 -61 1 0 1 -26 1 0 0 -54 1 0 2 -3
1 1 1 4 1 2 2 -63 1 2 1 -49 0 0 0 0 1 1 2 -61 1 1 1 -13 0 0 0 0 1 0 2 -3 1 0 1 -26 0 0 0 0
1 1 1 5 0 0 0 0 1 2 2 -63 0 0 0 0 0 0 0 0 1 1 2 -61 0 0 0 0 0 0 0 0 1 0 2 -3 0 0 0 0
1 1 1 6 0 0 0 0 0 0 0 0 0 0 0 0 0 0 0 0 0 0 0 0 0 0 0 0 0 0 0 0 0 0 0 0 0 0 0 0
1 1 1 7 0 0 0 0 0 0 0 0 0 0 0 0 0 0 0 0 0 0 0 0 0 0 0 0 0 0 0 0 0 0 0 0 0 0 0 0
1 1 2 0 1 0 1 -26 1 0 0 -54 0 0 0 0 1 2 1 -49 1 2 0 -64 0 0 0 0 1 1 1 -13 1 1 0 -10 0 0 0 0
1 1 2 1 1 0 2 -3 1 0 1 -26 1 0 0 -54 1 2 2 -63 1 2 1 -49 1 2 0 -64 1 1 2 -61 1 1 1 -13 1 1 0 -10
1 1 2 2 1 0 0 -54 1 0 2 -3 1 0 1 -26 1 2 0 -64 1 2 2 -63 1 2 1 -49 1 1 0 -10 1 1 2 -61 1 1 1 -13
1 1 2 3 1 0 1 -26 1 0 0 -54 1 0 2 -3 1 2 1 -49 1 2 0 -64 1 2 2 -63 1 1 1 -13 1 1 0 -10 1 1 2 -61
1 1 2 4 1 0 2 -3 1 0 1 -26 0 0 0 0 1 2 2 -63 1 2 1 -49 0 0 0 0 1 1 2 -61 1 1 1 -13 0 0 0 0
1 1 2 5 0 0 0 0 1 0 2 -3 0 0 0 0 0 0 0 0 1 2 2 -63 0 0 0 0 0 0 0 0 1 1 2 -61 0 0 0 0
1 1 2 6 0 0 0 0 0 0 0 0 0 0 0 0 0 0 0 0 0 0 0 0 0 0 0 0 0 0 0 0 0 0 0 0 0 0 0 0
1 1 2 7 0 0 0 0 0 0 0 0 0 0 0 0 0 0 0 0 0 0 0 0 0 0 0 0 0 0 0 0 0 0 0 0 0 0 0 0
1 1 3 0 1 1 1 -13 1 1 0 -10 0 0 0 0 1 0 1 -26 1 0 0 -54 0 0 0 0 1 2 1 -49 1 2 0 -64 0 0 0 0
1 1 3 1 1 1 2 -61 1 1 1 -13 1 1 0 -10 1 0 2 -3 1 0 1 -26 1 0 0 -54 1 2 2 -63 1 2 1 -49 1 2 0 -64
1 1 3 2 1 1 0 -10 1 1 2 -61 1 1 1 -13 1 0 0 -54 1 0 2 -3 1 0 1 -26 1 2 0 -64 1 2 2 -63 1 2 1 -49
1 1 3 3 1 1 1 -13 1 1 0 -10 1 1 2 -61 1 0 1 -26 1 0 0 -54 1 0 2 -3 1 2 1 -49 1 2 0 -64 1 2 2 -63
1 1 3 4 1 1 2 -61 1 1 1 -13 0 0 0 0 1 0 2 -3 1 0 1 -26 0 0 0 0 1 2 2 -63 1 2 1 -49 0 0 0 0
1 1 3 5 0 0 0 0 1 1 2 -61 0 0 0 0 0 0 0 0 1 0 2 -3 0 0 0 0 0 0 0 0 1 2 2 -63 0 0 0 0
1 1 3 6 0 0 0 0 0 0 0 0 0 0 0 0 0 0 0 0 0 0 0 0 0 0 0 0 0 0 0 0 0 0 0 0 0 0 0 0
1 1 3 7 0 0 0 0 0 0 0 0 0 0 0 0 0 0 0 0 0 0 0 0 0 0 0 0 0 0 0 0 0 0 0 0 0 0 0 0
1 1 4 0 1 2 1 -49 1 2 0 -64 0 0 0 0 1 1 1 -13 1 1 0 -10 0 0 0 0 1 0 1 -26 1 0 0 -54 0 0 0 0
1 1 4 1 1 2 2 -63 1 2 1 -49 1 2 0 -64 1 1 2 -61 1 1 1 -13 1 1 0 -10 1 0 2 -3 1 0 1 -26 1 0 0 -54
1 1 4 2 1 2 0 -64 1 2 2 -63 1 2 1 -49 1 1 0 -10 1 1 2 -61 1 1 1 -13 1 0 0 -54 1 0 2 -3 1 0 1 -26
1 1 4 3 1 2 1 -49 1 2 0 -64 1 2 2 -63 1 1 1 -13 1 1 0 -10 1 1 2 -61 1 0 1 -26 1 0 0 -54 1 0 2 -3
1 1 4 4 1 2 2 -63 1 2 1 -49 0 0 0 0 1 1 2 -61 1 1 1 -13 0 0 0 0 1 0 2 -3 1 0 1 -26 0 0 0 0
1 1 4 5 0 0 0 0 1 2 2 -63 0 0 0 0 0 0 0 0 1 1 2 -61 0 0 0 0 0 0 0 0 1 0 2 -3 0 0 0 0
1 1 4 6 0 0 0 0 0 0 0 0 0 0 0 0 0 0 0 0 0 0 0 0 0 0 0 0 0 0 0 0 0 0 0 0 0 0 0 0
1 1 4 7 0 0 0 0 0 0 0 0 0 0 0 0 0 0 0 0 0 0 0 0 0 0 0 0 0 0 0 0 0 0 0 0 0 0 0 0
1 1 5 0 1 0 1 -26 1 0 0 -54 0 0 0 0 1 2 1 -49 1 2 0 -64 0 0 0 0 1 1 1 -13 1 1 0 -10 0 0 0 0
1 1 5 1 1 0 2 -3 1 0 1 -26 1 0 0 -54 1 2 2 -63 1 2 1 -49 1 2 0 -64 1 1 2 -61 1 1 1 -13 1 1 0 -10
1 1 5 2 1 0 0 -54 1 0 2 -3 1 0 1 -26 1 2 0 -64 1 2 2 -63 1 2 1 -49 1 1 0 -10 1 1 2 -61 1 1 1 -13
1 1 5 3 1 0 1 -26 1 0 0 -54 1 0 2 -3 1 2 1 -49 1 2 0 -64 1 2 2 -63 1 1 1 -13 1 1 0 -10 1 1 2 -61
1 1 5 4 1 0 2 -3 1 0 1 -26 0 0 0 0 1 2 2 -63 1 2 1 -49 0 0 0 0 1 1 2 -61 1 1 1 -13 0 0 0 0
1 1 5 5 0 0 0 0 1 0 2 -3 0 0 0 0 0 0 0 0 1 2 2 -63 0 0 0 0 0 0 0 0 1 1 2 -61 0 0 0 0
1 1 5 6 0 0 0 0 0 0 0 0 0 0 0 0 0 0 0 0 0 0 0 0 0 0 0 0 0 0 0 0 0 0 0 0 0 0 0 0
1 1 5 7 0 0 0 0 0 0 0 0 0 0 0 0 0 0 0 0 0 0 0 0 0 0 0 0 0 0 0 0 0 0 0 0 0 0 0 0
1 1 6 0 1 1 1 -13 1 1 0 -10 0 0 0 0 0 0 0 0 0 0 0 0 0 0 0 0 1 2 1 -49 1 2 0 -64 0 0 0 0
1 1 6 1 1 1 2 -61 1 1 1 -13 1 1 0 -10 0 0 0 0 0 0 0 0 0 0 0 0 1 2 2 -63 1 2 1 -49 1 2 0 -64
1 1 6 2 1 1 0 -10 1 1 2 -61 1 1 1 -13 0 0 0 0 0 0 0 0 0 0 0 0 1 2 0 -64 1 2 2 -63 1 2 1 -49
1 1 6 3 1 1 1 -13 1 1 0 -10 1 1 2 -61 0 0 0 0 0 0 0 0 0 0 0 0 1 2 1 -49 1 2 0 -64 1 2 2 -63
1 1 6 4 1 1 2 -61 1 1 1 -13 0 0 0 0 0 0 0 0 0 0 0 0 0 0 0 0 1 2 2 -63 1 2 1 -49 0 0 0 0
1 1 6 5 0 0 0 0 1 1 2 -61 0 0 0 0 0 0 0 0 0 0 0 0 0 0 0 0 0 0 0 0 1 2 2 -63 0 0 0 0
1 1 6 6 0 0 0 0 0 0 0 0 0 0 0 0 0 0 0 0 0 0 0 0 0 0 0 0 0 0 0 0 0 0 0 0 0 0 0 0
1 1 6 7 0 0 0 0 0 0 0 0 0 0 0 0 0 0 0 0 0 0 0 0 0 0 0 0 0 0 0 0 0 0 0 0 0 0 0 0
1 1 7 0 1 2 1 -49 1 2 0 -64 0 0 0 0 0 0 0 0 0 0 0 0 0 0 0 0 0 0 0 0 0 0 0 0 0 0 0 0
1 1 7 1 1 2 2 -63 1 2 1 -49 1 2 0 -64 0 0 0 0 0 0 0 0 0 0 0 0 0 0 0 0 0 0 0 0 0 0 0 0
1 1 7 2 1 2 0 -64 1 2 2 -63 1 2 1 -49 0 0 0 0 0 0 0 0 0 0 0 0 0 0 0 0 0 0 0 0 0 0 0 0
1 1 7 3 1 2 1 -49 1 2 0 -64 1 2 2 -63 0 0 0 0 0 0 0 0 0 0 0 0 0 0 0 0 0 0 0 0 0 0 0 0
1 1 7 4 1 2 2 -63 1 2 1 -49 0 0 0 0 0 0 0 0 0 0 0 0 0 0 0 0 0 0 0 0 0 0 0 0 0 0 0 0
1 1 7 5 0 0 0 0 1 2 2 -63 0 0 0 0 0 0 0 0 0 0 0 0 0 0 0 0 0 0 0 0 0 0 0 0 0 0 0 0
1 1 7 6 0 0 0 0 0 0 0 0 0 0 0 0 0 0 0 0 0 0 0 0 0 0 0 0 0 0 0 0 0 0 0 0 0 0 0 0
1 1 7 7 0 0 0 0 0 0 0 0 0 0 0 0 0 0 0 0 0 0 0 0 0 0 0 0 0 0 0 0 0 0 0 0 0 0 0 0
1 2 0 0 1 1 1 14 1 1 0 -32 0 0 0 0 1 0 1 3 1 0 0 21 0 0 0 0 0 0 0 0 0 0 0 0 0 0 0 0
1 2 0 1 1 1 2 33 1 1 1 14 1 1 0 -32 1 0 2 18 1 0 1 3 1 0 0 21 0 0 0 0 0 0 0 0 0 0 0 0
1 2 0 2 1 1 0 -32 1 1 2 33 1 1 1 14 1 0 0 21 1 0 2 18 1 0 1 3 0 0 0 0 0 0 0 0 0 0 0 0
1 2 0 3 1 1 1 14 1 1 0 -32 1 1 2 33 1 0 1 3 1 0 0 21 1 0 2 18 0 0 0 0 0 0 0 0 0 0 0 0
1 2 0 4 1 1 2 33 1 1 1 14 0 0 0 0 1 0 2 18 1 0 1 3 0 0 0 0 0 0 0 0 0 0 0 0 0 0 0 0
1 2 0 5 0 0 0 0 1 1 2 33 0 0 0 0 0 0 0 0 1 0 2 18 0 0 0 0 0 0 0 0 0 0 0 0 0 0 0 0
1 2 0 6 0 0 0 0 0 0 0 0 0 0 0 0 0 0 0 0 0 0 0 0 0 0 0 0 0 0 0 0 0 0 0 0 0 0 0 0
1 2 0 7 0 0 0 0 0 0 0 0 0 0 0 0 0 0 0 0 0 0 0 0 0 0 0 0 0 0 0 0 0 0 0 0 0 0 0 0
1 2 1 0 1 2 1 -6 1 2 0 -15 0 0 0 0 1 1 1 14 1 1 0 -32 0 0 0 0 1 0 1 3 1 0 0 21 0 0 0 0
1 2 1 1 1 2 2 63 1 2 1 -6 1 2 0 -15 1 1 2 33 1 1 1 14 1 1 0 -32 1 0 2 18 1 0 1 3 1 0 0 21
1 2 1 2 1 2 0 -15 1 2 2 63 1 2 1 -6 1 1 0 -32 1 1 2 33 1 1 1 14 1 0 0 21 1 0 2 18 1 0 1 3
1 2 1 3 1 2 1 -6 1 2 0 -15 1 2 2 63 1 1 1 14 1 1 0 -32 1 1 2 33 1 0 1 3 1 0 0 21 1 0 2 18
1 2 1 4 1 2 2 63 1 2 1 -6 0 0 0 0 1 1 2 33 1 1 1 14 0 0 0 0 1 0 2 18 1 0 1 3 0 0 0 0
1 2 1 5 0 0 0 0 1 2 2 63 0 0 0 0 0 0 0 0 1 1 2 33 0 0 0 0 0 0 0 0 1 0 2 18 0 0 0 0
1 2 1 6 0 0 0 0 0 0 0 0 0 0 0 0 0 0 0 0 0 0 0 0 0 0 0 0 0 0 0 0 0 0 0 0 0 0 0 0
1 2 1 7 0 0 0 0 0 0 0 0 0 0 0 0 0 0 0 0 0 0 0 0 0 0 0 0 0 0 0 0 0 0 0 0 0 0 0 0
1 2 2 0 1 0 1 3 1 0 0 21 0 0 0 0 1 2 1 -6 1 2 0 -15 0 0 0 0 1 1 1 14 1 1 0 -32 0 0 0 0
1 2 2 1 1 0 2 18 1 0 1 3 1 0 0 21 1 2 2 63 1 2 1 -6 1 2 0 -15 1 1 2 33 1 1 1 14 1 1 0 -32
1 2 2 2 1 0 0 21 1 0 2 18 1 0 1 3 1 2 0 -15 1 2 2 63 1 2 1 -6 1 1 0 -32 1 1 2 33 1 1 1 14
1 2 2 3 1 0 1 3 1 0 0 21 1 0 2 18 1 2 1 -6 1 2 0 -15 1 2 2 63 1 1 1 14 1 1 0 -32 1 1 2 33
1 2 2 4 1 0 2 18 1 0 1 3 0 0 0 0 1 2 2 63 1 2 1 -6 0 0 0 0 1 1 2 33 1 1 1 14 0 0 0 0
1 2 2 5 0 0 0 0 1 0 2 18 0 0 0 0 0 0 0 0 1 2 2 63 0 0 0 0 0 0 0 0 1 1 2 33 0 0 0 0
1 2 2 6 0 0 0 0 0 0 0 0 0 0 0 0 0 0 0 0 0 0 0 0 0 0 0 0 0 0 0 0 0 0 0 0 0 0 0 0
1 2 2 7 0 0 0 0 0 0 0 0 0 0 0 0 0 0 0 0 0 0 0 0 0 0 0 0 0 0 0 0 0 0 0 0 0 0 0 0
1 2 3 0 1 1 1 14 1 1 0 -32 0 0 0 0 1 0 1 3 1 0 0 21 0 0 0 0 1 2 1 -6 1 2 0 -15 0 0 0 0
1 2 3 1 1 1 2 33 1 1 1 14 1 1 0 -32 1 0 2 18 1 0 1 3 1 0 0 21 1 2 2 63 1 2 1 -6 1 2 0 -15
1 2 3 2 1 1 0 -32 1 1 2 33 1 1 1 14 1 0 0 21 1 0 2 18 1 0 1 3 1 2 0 -15 1 2 2 63 1 2 1 -6
1 2 3 3 1 1 1 14 1 1 0 -32 1 1 2 33 1 0 1 3 1 0 0 21 1 0 2 18 1 2 1 -6 1 2 0 -15 1 2 2 63
1 2 3 4 1 1 2 33 1 1 1 14 0 0 0 0 1 0 2 18 1 0 1 3 0 0 0 0 1 2 2 63 1 2 1 -6 0 0 0 0
1 2 3 5 0 0 0 0 1 1 2 33 0 0 0 0 0 0 0 0 1 0 2 18 0 0 0 0 0 0 0 0 1 2 2 63 0 0 0 0
1 2 3 6 0 0 0 0 0 0 0 0 0 0 0 0 0 0 0 0 0 0 0 0 0 0 0 0 0 0 0 0 0 0 0 0 0 0 0 0
1 2 3 7 0 0 0 0 0 0 0 0 0 0 0 0 0 0 0 0 0 0 0 0 0 0 0 0 0 0 0 0 0 0 0 0 0 0 0 0
1 2 4 0 1 2 1 -6 1 2 0 -15 0 0 0 0 1 1 1 14 1 1 0 -32 0 0 0 0 1 0 1 3 1 0 0 21 0 0 0 0
1 2 4 1 1 2 2 63 1 2 1 -6 1 2 0 -15 1 1 2 33 1 1 1 14 1 1 0 -32 1 0 2 18 1 0 1 3 1 0 0 21
1 2 4 2 1 2 0 -15 1 2 2 63 1 2 1 -6 1 1 0 -32 1 1 2 33 1 1 1 14 1 0 0 21 1 0 2 18 1 0 1 3
1 2 4 3 1 2 1 -6 1 2 0 -15 1 2 2 63 1 1 1 14 1 1 0 -32 1 1 2 33 1 0 1 3 1 0 0 21 1 0 2 18
1 2 4 4 1 2 2 63 1 2 1 -6 0 0 0 0 1 1 2 33 1 1 1 14 0 0 0 0 1 0 2 18 1 0 1 3 0 0 0 0
1 2 4 5 0 0 0 0 1 2 2 63 0 0 0 0 0 0 0 0 1 1 2 33 0 0 0 0 0 0 0 0 1 0 2 18 0 0 0 0
1 2 4 6 0 0 0 0 0 0 0 0 0 0 0 0 0 0 0 0 0 0 0 0 0 0 0 0 0 0 0 0 0 0 0 0 0 0 0 0
1 2 4 7 0 0 0 0 0 0 0 0 0 0 0 0 0 0 0 0 0 0 0 0 0 0 0 0 0 0 0 0 0 0 0 0 0 0 0 0
1 2 5 0 1 0 1 3 1 0 0 21 0 0 0 0 1 2 1 -6 1 2 0 -15 0 0 0 0 1 1 1 14 1 1 0 -32 0 0 0 0
1 2 5 1 1 0 2 18 1 0 1 3 1 0 0 21 1 2 2 63 1 2 1 -6 1 2 0 -15 1 1 2 33 1 1 1 14 1 1 0 -32
1 2 5 2 1 0 0 21 1 0 2 18 1 0 1 3 1 2 0 -15 1 2 2 63 1 2 1 -6 1 1 0 -32 1 1 2 33 1 1 1 14
1 2 5 3 1 0 1 3 1 0 0 21 1 0 2 18 1 2 1 -6 1 2 0 -15 1 2 2 63 1 1 1 14 1 1 0 -32 1 1 2 33
1 2 5 4 1 0 2 18 1 0 1 3 0 0 0 0 1 2 2 63 1 2 1 -6 0 0 0 0 1 1 2 33 1 1 1 14 0 0 0 0
1 2 5 5 0 0 0 0 1 0 2 18 0 0 0 0 0 0 0 0 1 2 2 63 0 0 0 0 0 0 0 0 1 1 2 33 0 0 0 0
1 2 5 6 0 0 0 0 0 0 0 0 0 0 0 0 0 0 0 0 0 0 0 0 0 0 0 0 0 0 0 0 0 0 0 0 0 0 0 0
1 2 5 7 0 0 0 0 0 0 0 0 0 0 0 0 0 0 0 0 0 0 0 0 0 0 0 0 0 0 0 0 0 0 0 0 0 0 0 0
1 2 6 0 1 1 1 14 1 1 0 -32 0 0 0 0 0 0 0 0 0 0 0 0 0 0 0 0 1 2 1 -6 1 2 0 -15 0 0 0 0
1 2 6 1 1 1 2 33 1 1 1 14 1 1 0 -32 0 0 0 0 0 0 0 0 0 0 0 0 1 2 2 63 1 2 1 -6 1 2 0 -15
1 2 6 2 1 1 0 -32 1 1 2 33 1 1 1 14 0 0 0 0 0 0 0 0 0 0 0 0 1 2 0 -15 1 2 2 63 1 2 1 -6
1 2 6 3 1 1 1 14 1 1 0 -32 1 1 2 33 0 0 0 0 0 0 0 0 0 0 0 0 1 2 1 -6 1 2 0 -15 1 2 2 63
1 2 6 4 1 1 2 33 1 1 1 14 0 0 0 0 0 0 0 0 0 0 0 0 0 0 0 0 1 2 2 63 1 2 1 -6 0 0 0 0
1 2 6 5 0 0 0 0 1 1 2 33 0 0 0 0 0 0 0 0 0 0 0 0 0 0 0 0 0 0 0 0 1 2 2 63 0 0 0 0
1 2 6 6 0 0 0 0 0 0 0 0 0 0 0 0 0 0 0 0 0 0 0 0 0 0 0 0 0 0 0 0 0 0 0 0 0 0 0 0
1 2 6 7 0 0 0 0 0 0 0 0 0 0 0 0 0 0 0 0 0 0 0 0 0 0 0 0 0 0 0 0 0 0 0 0 0 0 0 0
1 2 7 0 1 2 1 -6 1 2 0 -15 0 0 0 0 0 0 0 0 0 0 0 0 0 0 0 0 0 0 0 0 0 0 0 0 0 0 0 0
1 2 7 1 1 2 2 63 1 2 1 -6 1 2 0 -15 0 0 0 0 0 0 0 0 0 0 0 0 0 0 0 0 0 0 0 0 0 0 0 0
1 2 7 2 1 2 0 -15 1 2 2 63 1 2 1 -6 0 0 0 0 0 0 0 0 0 0 0 0 0 0 0 0 0 0 0 0 0 0 0 0
1 2 7 3 1 2 1 -6 1 2 0 -15 1 2 2 63 0 0 0 0 0 0 0 0 0 0 0 0 0 0 0 0 0 0 0 0 0 0 0 0
1 2 7 4 1 2 2 63 1 2 1 -6 0 0 0 0 0 0 0 0 0 0 0 0 0 0 0 0 0 0 0 0 0 0 0 0 0 0 0 0
1 2 7 5 0 0 0 0 1 2 2 63 0 0 0 0 0 0 0 0 0 0 0 0 0 0 0 0 0 0 0 0 0 0 0 0 0 0 0 0
1 2 7 6 0 0 0 0 0 0 0 0 0 0 0 0 0 0 0 0 0 0 0 0 0 0 0 0 0 0 0 0 0 0 0 0 0 0 0 0
1 2 7 7 0 0 0 0 0 0 0 0 0 0 0 0 0 0 0 0 0 0 0 0 0 0 0 0 0 0 0 0 0 0 0 0 0 0 0 0
2 0 0 0 1 1 1 57 1 1 0 23 0 0 0 0 1 0 1 61 1 0 0 39 0 0 0 0 0 0 0 0 0 0 0 0 0 0 0 0
2 0 0 1 1 1 2 19 1 1 1 57 1 1 0 23 1 0 2 -16 1 0 1 61 1 0 0 39 0 0 0 0 0 0 0 0 0 0 0 0
2 0 0 2 1 1 0 23 1 1 2 19 1 1 1 57 1 0 0 39 1 0 2 -16 1 0 1 61 0 0 0 0 0 0 0 0 0 0 0 0
2 0 0 3 1 1 1 57 1 1 0 23 1 1 2 19 1 0 1 61 1 0 0 39 1 0 2 -16 0 0 0 0 0 0 0 0 0 0 0 0
2 0 0 4 1 1 2 19 1 1 1 57 0 0 0 0 1 0 2 -16 1 0 1 61 0 0 0 0 0 0 0 0 0 0 0 0 0 0 0 0
2 0 0 5 0 0 0 0 1 1 2 19 0 0 0 0 0 0 0 0 1 0 2 -16 0 0 0 0 0 0 0 0 0 0 0 0 0 0 0 0
2 0 0 6 0 0 0 0 0 0 0 0 0 0 0 0 0 0 0 0 0 0 0 0 0 0 0 0 0 0 0 0 0 0 0 0 0 0 0 0
2 0 0 7 0 0 0 0 0 0 0 0 0 0 0 0 0 0 0 0 0 0 0 0 0 0 0 0 0 0 0 0 0 0 0 0 0 0 0 0
2 0 1 0 1 2 1 24 1 2 0 43 0 0 0 0 1 1 1 57 1 1 0 23 0 0 0 0 1 0 1 61 1 0 0 39 0 0 0 0
2 0 1 1 1 2 2 26 1 2 1 24 1 2 0 43 1 1 2 19 1 1 1 57 1 1 0 23 1 0 2 -16 1 0 1 61 1 0 0 39
2 0 1 2 1 2 0 43 1 2 2 26 1 2 1 24 1 1 0 23 1 1 2 19 1 1 1 57 1 0 0 39 1 0 2 -16 1 0 1 61
2 0 1 3 1 2 1 24 1 2 0 43 1 2 2 26 1 1 1 57 1 1 0 23 1 1 2 19 1 0 1 61 1 0 0 39 1 0 2 -16
2 0 1 4 1 2 2 26 1 2 1 24 0 0 0 0 1 1 2 19 1 1 1 57 0 0 0 0 1 0 2 -16 1 0 1 61 0 0 0 0
2 0 1 5 0 0 0 0 1 2 2 26 0 0 0 0 0 0 0 0 1 1 2 19 0 0 0 0 0 0 0 0 1 0 2 -16 0 0 0 0
2 0 1 6 0 0 0 0 0 0 0 0 0 0 0 0 0 0 0 0 0 0 0 0 0 0 0 0 0 0 0 0 0 0 0 0 0 0 0 0
2 0 1 7 0 0 0 0 0 0 0 0 0 0 0 0 0 0 0 0 0 0 0 0 0 0 0 0 0 0 0 0 0 0 0 0 0 0 0 0
2 0 2 0 1 0 1 61 1 0 0 39 0 0 0 0 1 2 1 24 1 2 0 43 0 0 0 0 1 1 1 57 1 1 0 23 0 0 0 0
2 0 2 1 1 0 2 -16 1 0 1 61 1 0 0 39 1 2 2 26 1 2 1 24 1 2 0 43 1 1 2 19 1 1 1 57 1 1 0 23
2 0 2 2 1 0 0 39 1 0 2 -16 1 0 1 61 1 2 0 43 1 2 2 26 1 2 1 24 1 1 0 23 1 1 2 19 1 1 1 57
2 0 2 3 1 0 1 61 1 0 0 39 1 0 2 -16 1 2 1 24 1 2 0 43 1 2 2 26 1 1 1 57 1 1 0 23 1 1 2 19
2 0 2 4 1 0 2 -16 1 0 1 61 0 0 0 0 1 2 2 26 1 2 1 24 0 0 0 0 1 1 2 19 1 1 1 57 0 0 0 0
2 0 2 5 0 0 0 0 1 0 2 -16 0 0 0 0 0 0 0 0 1 2 2 26 0 0 0 0 0 0 0 0 1 1 2 19 0 0 0 0
2 0 2 6 0 0 0 0 0 0 0 0 0 0 0 0 0 0 0 0 0 0 0 0 0 0 0 0 0 0 0 0 0 0 0 0 0 0 0 0
2 0 2 7 0 0 0 0 0 0 0 0 0 0 0 0 0 0 0 0 0 0 0 0 0 0 0 0 0 0 0 0 0 0 0 0 0 0 0 0
2 0 3 0 1 1 1 57 1 1 0 23 0 0 0 0 1 0 1 61 1 0 0 39 0 0 0 0 1 2 1 24 1 2 0 43 0 0 0 0
2 0 3 1 1 1 2 19 1 1 1 57 1 1 0 23 1 0 2 -16 1 0 1 61 1 0 0 39 1 2 2 26 1 2 1 24 1 2 0 43
2 0 3 2 1 1 0 23 1 1 2 19 1 1 1 57 1 0 0 39 1 0 2 -16 1 0 1 61 1 2 0 43 1 2 2 26 1 2 1 24
2 0 3 3 1 1 1 57 1 1 0 23 1 1 2 19 1 0 1 61 1 0 0 39 1 0 2 -16 1 2 1 24 1 2 0 43 1 2 2 26
2 0 3 4 1 1 2 19 1 1 1 57 0 0 0 0 1 0 2 -16 1 0 1 61 0 0 0 0 1 2 2 26 1 2 1 24 0 0 0 0
2 0 3 5 0 0 0 0 1 1 2 19 0 0 0 0 0 0 0 0 1 0 2 -16 0 0 0 0 0 0 0 0 1 2 2 26 0 0 0 0
2 0 3 6 0 0 0 0 0 0 0 0 0 0 0 0 0 0 0 0 0 0 0 0 0 0 0 0 0 0 0 0 0 0 0 0 0 0 0 0
2 0 3 7 0 0 0 0 0 0 0 0 0 0 0 0 0 0 0 0 0 0 0 0 0 0 0 0 0 0 0 0 0 0 0 0 0 0 0 0
2 0 4 0 1 2 1 24 1 2 0 43 0 0 0 0 1 1 1 57 1 1 0 23 0 0 0 0 1 0 1 61 1 0 0 39 0 0 0 0
2 0 4 1 1 2 2 26 1 2 1 24 1 2 0 43 1 1 2 19 1 1 1 57 1 1 0 23 1 0 2 -16 1 0 1 61 1 0 0 39
2 0 4 2 1 2 0 43 1 2 2 26 1 2 1 24 1 1 0 23 1 1 2 19 1 1 1 57 1 0 0 39 1 0 2 -16 1 0 1 61
2 0 4 3 1 2 1 24 1 2 0 43 1 2 2 26 1 1 1 57 1 1 0 23 1 1 2 19 1 0 1 61 1 0 0 39 1 0 2 -16
2 0 4 4 1 2 2 26 1 2 1 24 0 0 0 0 1 1 2 19 1 1 1 57 0 0 0 0 1 0 2 -16 1 0 1 61 0 0 0 0
2 0 4 5 0 0 0 0 1 2 2 26 0 0 0 0 0 0 0 0 1 1 2 19 0 0 0 0 0 0 0 0 1 0 2 -16 0 0 0 0
2 0 4 6 0 0 0 0 0 0 0 0 0 0 0 0 0 0 0 0 0 0 0 0 0 0 0 0 0 0 0 0 0 0 0 0 0 0 0 0
2 0 4 7 0 0 0 0 0 0 0 0 0 0 0 0 0 0 0 0 0 0 0 0 0 0 0 0 0 0 0 0 0 0 0 0 0 0 0 0
2 0 5 0 1 0 1 61 1 0 0 39 0 0 0 0 1 2 1 24 1 2 0 43 0 0 0 0 1 1 1 57 1 1 0 23 0 0 0 0
2 0 5 1 1 0 2 -16 1 0 1 61 1 0 0 39 1 2 2 26 1 2 1 24 1 2 0 43 1 1 2 19 1 1 1 57 1 1 0 23
2 0 5 2 1 0 0 39 1 0 2 -16 1 0 1 61 1 2 0 43 1 2 2 26 1 2 1 24 1 1 0 23 1 1 2 19 1 1 1 57
2 0 5 3 1 0 1 61 1 0 0 39 1 0 2 -16 1 2 1 24 1 2 0 43 1 2 2 26 1 1 1 57 1 1 0 23 1 1 2 19
2 0 5 4 1 0 2 -16 1 0 1 61 0 0 0 0 1 2 2 26 1 2 1 24 0 0 0 0 1 1 2 19 1 1 1 57 0 0 0 0
2 0 5 5 0 0 0 0 1 0 2 -16 0 0 0 0 0 0 0 0 1 2 2 26 0 0 0 0 0 0 0 0 1 1 2 19 0 0 0 0
2 0 5 6 0 0 0 0 0 0 0 0 0 0 0 0 0 0 0 0 0 0 0 0 0 0 0 0 0 0 0 0 0 0 0 0 0 0 0 0
2 0 5 7 0 0 0 0 0 0 0 0 0 0 0 0 0 0 0 0 0 0 0 0 0 0 0 0 0 0 0 0 0 0 0 0 0 0 0 0
2 0 6 0 1 1 1 57 1 1 0 23 0 0 0 0 0 0 0 0 0 0 0 0 0 0 0 0 1 2 1 24 1 2 0 43 0 0 0 0
2 0 6 1 1 1 2 19 1 1 1 57 1 1 0 23 0 0 0 0 0 0 0 0 0 0 0 0 1 2 2 26 1 2 1 24 1 2 0 43
2 0 6 2 1 1 0 23 1 1 2 19 1 1 1 57 0 0 0 0 0 0 0 0 0 0 0 0 1 2 0 43 1 2 2 26 1 2 1 24
2 0 6 3 1 1 1 57 1 1 0 23 1 1 2 19 0 0 0 0 0 0 0 0 0 0 0 0 1 2 1 24 1 2 0 43 1 2 2 26
2 0 6 4 1 1 2 19 1 1 1 57 0 0 0 0 0 0 0 0 0 0 0 0 0 0 0 0 1 2 2 26 1 2 1 24 0 0 0 0
2 0 6 5 0 0 0 0 1 1 2 19 0 0 0 0 0 0 0 0 0 0 0 0 0 0 0 0 0 0 0 0 1 2 2 26 0 0 0 0
2 0 6 6 0 0 0 0 0 0 0 0 0 0 0 0 0 0 0 0 0 0 0 0 0 0 0 0 0 0 0 0 0 0 0 0 0 0 0 0
2 0 6 7 0 0 0 0 0 0 0 0 0 0 0 0 0 0 0 0 0 0 0 0 0 0 0 0 0 0 0 0 0 0 0 0 0 0 0 0
2 0 7 0 1 2 1 24 1 2 0 43 0 0 0 0 0 0 0 0 0 0 0 0 0 0 0 0 0 0 0 0 0 0 0 0 0 0 0 0
2 0 7 1 1 2 2 26 1 2 1 24 1 2 0 43 0 0 0 0 0 0 0 0 0 0 0 0 0 0 0 0 0 0 0 0 0 0 0 0
2 0 7 2 1 2 0 43 1 2 2 26 1 2 1 24 0 0 0 0 0 0 0 0 0 0 0 0 0 0 0 0 0 0 0 0 0 0 0 0
2 0 7 3 1 2 1 24 1 2 0 43 1 2 2 26 0 0 0 0 0 0 0 0 0 0 0 0 0 0 0 0 0 0 0 0 0 0 0 0
2 0 7 4 1 2 2 26 1 2 1 24 0 0 0 0 0 0 0 0 0 0 0 0 0 0 0 0 0 0 0 0 0 0 0 0 0 0 0 0
2 0 7 5 0 0 0 0 1 2 2 26 0 0 0 0 0 0 0 0 0 0 0 0 0 0 0 0 0 0 0 0 0 0 0 0 0 0 0 0
2 0 7 6 0 0 0 0 0 0 0 0 0 0 0 0 0 0 0 0 0 0 0 0 0 0 0 0 0 0 0 0 0 0 0 0 0 0 0 0
2 0 7 7 0 0 0 0 0 0 0 0 0 0 0 0 0 0 0 0 0 0 0 0 0 0 0 0 0 0 0 0 0 0 0 0 0 0 0 0
2 1 0 0 1 1 1 28 1 1 0 10 0 0 0 0 1 0 1 48 1 0 0 -15 0 0 0 0 0 0 0 0 0 0 0 0 0 0 0 0
2 1 0 1 1 1 2 44 1 1 1 28 1 1 0 10 1 0 2 -47 1 0 1 48 1 0 0 -15 0 0 0 0 0 0 0 0 0 0 0 0
2 1 0 2 1 1 0 10 1 1 2 44 1 1 1 28 1 0 0 -15 1 0 2 -47 1 0 1 48 0 0 0 0 0 0 0 0 0 0 0 0
2 1 0 3 1 1 1 28 1 1 0 10 1 1 2 44 1 0 1 48 1 0 0 -15 1 0 2 -47 0 0 0 0 0 0 0 0 0 0 0 0
2 1 0 4 1 1 2 44 1 1 1 28 0 0 0 0 1 0 2 -47 1 0 1 48 0 0 0 0 0 0 0 0 0 0 0 0 0 0 0 0
2 1 0 5 0 0 0 0 1 1 2 44 0 0 0 0 0 0 0 0 1 0 2 -47 0 0 0 0 0 0 0 0 0 0 0 0 0 0 0 0
2 1 0 6 0 0 0 0 0 0 0 0 0 0 0 0 0 0 0 0 0 0 0 0 0 0 0 0 0 0 0 0 0 0 0 0 0 0 0 0
2 1 0 7 0 0 0 0 0 0 0 0 0 0 0 0 0 0 0 0 0 0 0 0 0 0 0 0 0 0 0 0 0 0 0 0 0 0 0 0
2 1 1 0 1 2 1 -16 1 2 0 3 0 0 0 0 1 1 1 28 1 1 0 10 0 0 0 0 1 0 1 48 1 0 0 -15 0 0 0 0
2 1 1 1 1 2 2 -25 1 2 1 -16 1 2 0 3 1 1 2 44 1 1 1 28 1 1 0 10 1 0 2 -47 1 0 1 48 1 0 0 -15
2 1 1 2 1 2 0 3 1 2 2 -25 1 2 1 -16 1 1 0 10 1 1 2 44 1 1 1 28 1 0 0 -15 1 0 2 -47 1 0 1 48
2 1 1 3 1 2 1 -16 1 2 0 3 1 2 2 -25 1 1 1 28 1 1 0 10 1 1 2 44 1 0 1 48 1 0 0 -15 1 0 2 -47
2 1 1 4 1 2 2 -25 1 2 1 -16 0 0 0 0 1 1 2 44 1 1 1 28 0 0 0 0 1 0 2 -47 1 0 1 48 0 0 0 0
2 1 1 5 0 0 0 0 1 2 2 -25 0 0 0 0 0 0 0 0 1 1 2 44 0 0 0 0 0 0 0 0 1 0 2 -47 0 0 0 0
2 1 1 6 0 0 0 0 0 0 0 0 0 0 0 0 0 0 0 0 0 0 0 0 0 0 0 0 0 0 0 0 0 0 0 0 0 0 0 0
2 1 1 7 0 0 0 0 0 0 0 0 0 0 0 0 0 0 0 0 0 0 0 0 0 0 0 0 0 0 0 0 0 0 0 0 0 0 0 0
2 1 2 0 1 0 1 48 1 0 0 -15 0 0 0 0 1 2 1 -16 1 2 0 3 0 0 0 0 1 1 1 28 1 1 0 10 0 0 0 0
2 1 2 1 1 0 2 -47 1 0 1 48 1 0 0 -15 1 2 2 -25 1 2 1 -16 1 2 0 3 1 1 2 44 1 1 1 28 1 1 0 10
2 1 2 2 1 0 0 -15 1 0 2 -47 1 0 1 48 1 2 0 3 1 2 2 -25 1 2 1 -16 1 1 0 10 1 1 2 44 1 1 1 28
2 1 2 3 1 0 1 48 1 0 0 -15 1 0 2 -47 1 2 1 -16 1 2 0 3 1 2 2 -25 1 1 1 28 1 1 0 10 1 1 2 44
2 1 2 4 1 0 2 -47 1 0 1 48 0 0 0 0 1 2 2 -25 1 2 1 -16 0 0 0 0 1 1 2 44 1 1 1 28 0 0 0 0
2 1 2 5 0 0 0 0 1 0 2 -47 0 0 0 0 0 0 0 0 1 2 2 -25 0 0 0 0 0 0 0 0 1 1 2 44 0 0 0 0
2 1 2 6 0 0 0 0 0 0 0 0 0 0 0 0 0 0 0 0 0 0 0 0 0 0 0 0 0 0 0 0 0 0 0 0 0 0 0 0
2 1 2 7 0 0 0 0 0 0 0 0 0 0 0 0 0 0 0 0 0 0 0 0 0 0 0 0 0 0 0 0 0 0 0 0 0 0 0 0
2 1 3 0 1 1 1 28 1 1 0 10 0 0 0 0 1 0 1 48 1 0 0 -15 0 0 0 0 1 2 1 -16 1 2 0 3 0 0 0 0
2 1 3 1 1 1 2 44 1 1 1 28 1 1 0 10 1 0 2 -47 1 0 1 48 1 0 0 -15 1 2 2 -25 1 2 1 -16 1 2 0 3
2 1 3 2 1 1 0 10 1 1 2 44 1 1 1 28 1 0 0 -15 1 0 2 -47 1 0 1 48 1 2 0 3 1 2 2 -25 1 2 1 -16
2 1 3 3 1 1 1 28 1 1 0 10 1 1 2 44 1 0 1 48 1 0 0 -15 1 0 2 -47 1 2 1 -16 1 2 0 3 1 2 2 -25
2 1 3 4 1 1 2 44 1 1 1 28 0 0 0 0 1 0 2 -47 1 0 1 48 0 0 0 0 1 2 2 -25 1 2 1 -16 0 0 0 0
2 1 3 5 0 0 0 0 1 1 2 44 0 0 0 0 0 0 0 0 1 0 2 -47 0 0 0 0 0 0 0 0 1 2 2 -25 0 0 0 0
2 1 3 6 0 0 0 0 0 0 0 0 0 0 0 0 0 0 0 0 0 0 0 0 0 0 0 0 0 0 0 0 0 0 0 0 0 0 0 0
2 1 3 7 0 0 0 0 0 0 0 0 0 0 0 0 0 0 0 0 0 0 0 0 0 0 0 0 0 0 0 0 0 0 0 0 0 0 0 0
2 1 4 0 1 2 1 -16 1 2 0 3 0 0 0 0 1 1 1 28 1 1 0 10 0 0 0 0 1 0 1 48 1 0 0 -15 0 0 0 0
2 1 4 1 1 2 2 -25 1 2 1 -16 1 2 0 3 1 1 2 44 1 1 1 28 1 1 0 10 1 0 2 -47 1 0 1 48 1 0 0 -15
2 1 4 2 1 2 0 3 1 2 2 -25 1 2 1 -16 1 1 0 10 1 1 2 44 1 1 1 28 1 0 0 -15 1 0 2 -47 1 0 1 48
2 1 4 3 1 2 1 -16 1 2 0 3 1 2 2 -25 1 1 1 28 1 1 0 10 1 1 2 44 1 0 1 48 1 0 0 -15 1 0 2 -47
2 1 4 4 1 2 2 -25 1 2 1 -16 0 0 0 0 1 1 2 44 1 1 1 28 0 0 0 0 1 0 2 -47 1 0 1 48 0 0 0 0
2 1 4 5 0 0 0 0 1 2 2 -25 0 0 0 0 0 0 0 0 1 1 2 44 0 0 0 0 0 0 0 0 1 0 2 -47 0 0 0 0
2 1 4 6 0 0 0 0 0 0 0 0 0 0 0 0 0 0 0 0 0 0 0 0 0 0 0 0 0 0 0 0 0 0 0 0 0 0 0 0
2 1 4 7 0 0 0 0 0 0 0 0 0 0 0 0 0 0 0 0 0 0 0 0 0 0 0 0 0 0 0 0 0 0 0 0 0 0 0 0
2 1 5 0 1 0 1 48 1 0 0 -15 0 0 0 0 1 2 1 -16 1 2 0 3 0 0 0 0 1 1 1 28 1 1 0 10 0 0 0 0
2 1 5 1 1 0 2 -47 1 0 1 48 1 0 0 -15 1 2 2 -25 1 2 1 -16 1 2 0 3 1 1 2 44 1 1 1 28 1 1 0 10
2 1 5 2 1 0 0 -15 1 0 2 -47 1 0 1 48 1 2 0 3 1 2 2 -25 1 2 1 -16 1 1 0 10 1 1 2 44 1 1 1 28
2 1 5 3 1 0 1 48 1 0 0 -15 1 0 2 -47 1 2 1 -16 1 2 0 3 1 2 2 -25 1 1 1 28 1 1 0 10 1 1 2 44
2 1 5 4 1 0 2 -47 1 0 1 48 0 0 0 0 1 2 2 -25 1 2 1 -16 0 0 0 0 1 1 2 44 1 1 1 28 0 0 0 0
2 1 5 5 0 0 0 0 1 0 2 -47 0 0 0 0 0 0 0 0 1 2 2 -25 0 0 0 0 0 0 0 0 1 1 2 44 0 0 0 0
2 1 5 6 0 0 0 0 0 0 0 0 0 0 0 0 0 0 0 0 0 0 0 0 0 0 0 0 0 0 0 0 0 0 0 0 0 0 0 0
2 1 5 7 0 0 0 0 0 0 0 0 0 0 0 0 0 0 0 0 0 0 0 0 0 0 0 0 0 0 0 0 0 0 0 0 0 0 0 0
2 1 6 0 1 1 1 28 1 1 0 10 0 0 0 0 0 0 0 0 0 0 0 0 0 0 0 0 1 2 1 -16 1 2 0 3 0 0 0 0
2 1 6 1 1 1 2 44 1 1 1 28 1 1 0 10 0 0 0 0 0 0 0 0 0 0 0 0 1 2 2 -25 1 2 1 -16 1 2 0 3
2 1 6 2 1 1 0 10 1 1 2 44 1 1 1 28 0 0 0 0 0 0 0 0 0 0 0 0 1 2 0 3 1 2 2 -25 1 2 1 -16
2 1 6 3 1 1 1 28 1 1 0 10 1 1 2 44 0 0 0 0 0 0 0 0 0 0 0 0 1 2 1 -16 1 2 0 3 1 2 2 -25
2 1 6 4 1 1 2 44 1 1 1 28 0 0 0 0 0 0 0 0 0 0 0 0 0 0 0 0 1 2 2 -25 1 2 1 -16 0 0 0 0
2 1 6 5 0 0 0 0 1 1 2 44 0 0 0 0 0 0 0 0 0 0 0 0 0 0 0 0 0 0 0 0 1 2 2 -25 0 0 0 0
2 1 6 6 0 0 0 0 0 0 0 0 0 0 0 0 0 0 0 0 0 0 0 0 0 0 0 0 0 0 0 0 0 0 0 0 0 0 0 0
2 1 6 7 0 0 0 0 0 0 0 0 0 0 0 0 0 0 0 0 0 0 0 0 0 0 0 0 0 0 0 0 0 0 0 0 0 0 0 0
2 1 7 0 1 2 1 -16 1 2 0 3 0 0 0 0 0 0 0 0 0 0 0 0 0 0 0 0 0 0 0 0 0 0 0 0 0 0 0 0
2 1 7 1 1 2 2 -25 1 2 1 -16 1 2 0 3 0 0 0 0 0 0 0 0 0 0 0 0 0 0 0 0 0 0 0 0 0 0 0 0
2 1 7 2 1 2 0 3 1 2 2 -25 1 2 1 -16 0 0 0 0 0 0 0 0 0 0 0 0 0 0 0 0 0 0 0 0 0 0 0 0
2 1 7 3 1 2 1 -16 1 2 0 3 1 2 2 -25 0 0 0 0 0 0 0 0 0 0 0 0 0 0 0 0 0 0 0 0 0 0 0 0
2 1 7 4 1 2 2 -25 1 2 1 -16 0 0 0 0 0 0 0 0 0 0 0 0 0 0 0 0 0 0 0 0 0 0 0 0 0 0 0 0
2 1 7 5 0 0 0 0 1 2 2 -25 0 0 0 0 0 0 0 0 0 0 0 0 0 0 0 0 0 0 0 0 0 0 0 0 0 0 0 0
2 1 7 6 0 0 0 0 0 0 0 0 0 0 0 0 0 0 0 0 0 0 0 0 0 0 0 0 0 0 0 0 0 0 0 0 0 0 0 0
2 1 7 7 0 0 0 0 0 0 0 0 0 0 0 0 0 0 0 0 0 0 0 0 0 0 0 0 0 0 0 0 0 0 0 0 0 0 0 0
2 2 0 0 1 1 1 -55 1 1 0 49 0 0 0 0 1 0 1 -2 1 0 0 -10 0 0 0 0 0 0 0 0 0 0 0 0 0 0 0 0
2 2 0 1 1 1 2 55 1 1 1 -55 1 1 0 49 1 0 2 28 1 0 1 -2 1 0 0 -10 0 0 0 0 0 0 0 0 0 0 0 0
2 2 0 2 1 1 0 49 1 1 2 55 1 1 1 -55 1 0 0 -10 1 0 2 28 1 0 1 -2 0 0 0 0 0 0 0 0 0 0 0 0
2 2 0 3 1 1 1 -55 1 1 0 49 1 1 2 55 1 0 1 -2 1 0 0 -10 1 0 2 28 0 0 0 0 0 0 0 0 0 0 0 0
2 2 0 4 1 1 2 55 1 1 1 -55 0 0 0 0 1 0 2 28 1 0 1 -2 0 0 0 0 0 0 0 0 0 0 0 0 0 0 0 0
2 2 0 5 0 0 0 0 1 1 2 55 0 0 0 0 0 0 0 0 1 0 2 28 0 0 0 0 0 0 0 0 0 0 0 0 0 0 0 0
2 2 0 6 0 0 0 0 0 0 0 0 0 0 0 0 0 0 0 0 0 0 0 0 0 0 0 0 0 0 0 0 0 0 0 0 0 0 0 0
2 2 0 7 0 0 0 0 0 0 0 0 0 0 0 0 0 0 0 0 0 0 0 0 0 0 0 0 0 0 0 0 0 0 0 0 0 0 0 0
2 2 1 0 1 2 1 -19 1 2 0 4 0 0 0 0 1 1 1 -55 1 1 0 49 0 0 0 0 1 0 1 -2 1 0 0 -10 0 0 0 0
2 2 1 1 1 2 2 22 1 2 1 -19 1 2 0 4 1 1 2 55 1 1 1 -55 1 1 0 49 1 0 2 28 1 0 1 -2 1 0 0 -10
2 2 1 2 1 2 0 4 1 2 2 22 1 2 1 -19 1 1 0 49 1 1 2 55 1 1 1 -55 1 0 0 -10 1 0 2 28 1 0 1 -2
2 2 1 3 1 2 1 -19 1 2 0 4 1 2 2 22 1 1 1 -55 1 1 0 49 1 1 2 55 1 0 1 -2 1 0 0 -10 1 0 2 28
2 2 1 4 1 2 2 22 1 2 1 -19 0 0 0 0 1 1 2 55 1 1 1 -55 0 0 0 0 1 0 2 28 1 0 1 -2 0 0 0 0
2 2 1 5 0 0 0 0 1 2 2 22 0 0 0 0 0 0 0 0 1 1 2 55 0 0 0 0 0 0 0 0 1 0 2 28 0 0 0 0
2 2 1 6 0 0 0 0 0 0 0 0 0 0 0 0 0 0 0 0 0 0 0 0 0 0 0 0 0 0 0 0 0 0 0 0 0 0 0 0
2 2 1 7 0 0 0 0 0 0 0 0 0 0 0 0 0 0 0 0 0 0 0 0 0 0 0 0 0 0 0 0 0 0 0 0 0 0 0 0
2 2 2 0 1 0 1 -2 1 0 0 -10 0 0 0 0 1 2 1 -19 1 2 0 4 0 0 0 0 1 1 1 -55 1 1 0 49 0 0 0 0
2 2 2 1 1 0 2 28 1 0 1 -2 1 0 0 -10 1 2 2 22 1 2 1 -19 1 2 0 4 1 1 2 55 1 1 1 -55 1 1 0 49
2 2 2 2 1 0 0 -10 1 0 2 28 1 0 1 -2 1 2 0 4 1 2 2 22 1 2 1 -19 1 1 0 49 1 1 2 55 1 1 1 -55
2 2 2 3 1 0 1 -2 1 0 0 -10 1 0 2 28 1 2 1 -19 1 2 0 4 1 2 2 22 1 1 1 -55 1 1 0 49 1 1 2 55
2 2 2 4 1 0 2 28 1 0 1 -2 0 0 0 0 1 2 2 22 1 2 1 -19 0 0 0 0 1 1 2 55 1 1 1 -55 0 0 0 0
2 2 2 5 0 0 0 0 1 0 2 28 0 0 0 0 0 0 0 0 1 2 2 22 0 0 0 0 0 0 0 0 1 1 2 55 0 0 0 0
2 2 2 6 0 0 0 0 0 0 0 0 0 0 0 0 0 0 0 0 0 0 0 0 0 0 0 0 0 0 0 0 0 0 0 0 0 0 0 0
2 2 2 7 0 0 0 0 0 0 0 0 0 0 0 0 0 0 0 0 0 0 0 0 0 0 0 0 0 0 0 0 0 0 0 0 0 0 0 0
2 2 3 0 1 1 1 -55 1 1 0 49 0 0 0 0 1 0 1 -2 1 0 0 -10 0 0 0 0 1 2 1 -19 1 2 0 4 0 0 0 0
2 2 3 1 1 1 2 55 1 1 1 -55 1 1 0 49 1 0 2 28 1 0 1 -2 1 0 0 -10 1 2 2 22 1 2 1 -19 1 2 0 4
2 2 3 2 1 1 0 49 1 1 2 55 1 1 1 -55 1 0 0 -10 1 0 2 28 1 0 1 -2 1 2 0 4 1 2 2 22 1 2 1 -19
2 2 3 3 1 1 1 -55 1 1 0 49 1 1 2 55 1 0 1 -2 1 0 0 -10 1 0 2 28 1 2 1 -19 1 2 0 4 1 2 2 22
2 2 3 4 1 1 2 55 1 1 1 -55 0 0 0 0 1 0 2 28 1 0 1 -2 0 0 0 0 1 2 2 22 1 2 1 -19 0 0 0 0
2 2 3 5 0 0 0 0 1 1 2 55 0 0 0 0 0 0 0 0 1 0 2 28 0 0 0 0 0 0 0 0 1 2 2 22 0 0 0 0
2 2 3 6 0 0 0 0 0 0 0 0 0 0 0 0 0 0 0 0 0 0 0 0 0 0 0 0 0 0 0 0 0 0 0 0 0 0 0 0
2 2 3 7 0 0 0 0 0 0 0 0 0 0 0 0 0 0 0 0 0 0 0 0 0 0 0 0 0 0 0 0 0 0 0 0 0 0 0 0
2 2 4 0 1 2 1 -19 1 2 0 4 0 0 0 0 1 1 1 -55 1 1 0 49 0 0 0 0 1 0 1 -2 1 0 0 -10 0 0 0 0
2 2 4 1 1 2 2 22 1 2 1 -19 1 2 0 4 1 1 2 55 1 1 1 -55 1 1 0 49 1 0 2 28 1 0 1 -2 1 0 0 -10
2 2 4 2 1 2 0 4 1 2 2 22 1 2 1 -19 1 1 0 49 1 1 2 55 1 1 1 -55 1 0 0 -10 1 0 2 28 1 0 1 -2
2 2 4 3 1 2 1 -19 1 2 0 4 1 2 2 22 1 1 1 -55 1 1 0 49 1 1 2 55 1 0 1 -2 1 0 0 -10 1 0 2 28
2 2 4 4 1 2 2 22 1 2 1 -19 0 0 0 0 1 1 2 55 1 1 1 -55 0 0 0 0 1 0 2 28 1 0 1 -2 0 0 0 0
2 2 4 5 0 0 0 0 1 2 2 22 0 0 0 0 0 0 0 0 1 1 2 55 0 0 0 0 0 0 0 0 1 0 2 28 0 0 0 0
2 2 4 6 0 0 0 0 0 0 0 0 0 0 0 0 0 0 0 0 0 0 0 0 0 0 0 0 0 0 0 0 0 0 0 0 0 0 0 0
2 2 4 7 0 0 0 0 0 0 0 0 0 0 0 0 0 0 0 0 0 0 0 0 0 0 0 0 0 0 0 0 0 0 0 0 0 0 0 0
2 2 5 0 1 0 1 -2 1 0 0 -10 0 0 0 0 1 2 1 -19 1 2 0 4 0 0 0 0 1 1 1 -55 1 1 0 49 0 0 0 0
2 2 5 1 1 0 2 28 1 0 1 -2 1 0 0 -10 1 2 2 22 1 2 1 -19 1 2 0 4 1 1 2 55 1 1 1 -55 1 1 0 49
2 2 5 2 1 0 0 -10 1 0 2 28 1 0 1 -2 1 2 0 4 1 2 2 22 1 2 1 -19 1 1 0 49 1 1 2 55 1 1 1 -55
2 2 5 3 1 0 1 -2 1 0 0 -10 1 0 2 28 1 2 1 -19 1 2 0 4 1 2 2 22 1 1 1 -55 1 1 0 49 1 1 2 55
2 2 5 4 1 0 2 28 1 0 1 -2 0 0 0 0 1 2 2 22 1 2 1 -19 0 0 0 0 1 1 2 55 1 1 1 -55 0 0 0 0
2 2 5 5 0 0 0 0 1 0 2 28 0 0 0 0 0 0 0 0 1 2 2 22 0 0 0 0 0 0 0 0 1 1 2 55 0 0 0 0
2 2 5 6 0 0 0 0 0 0 0 0 0 0 0 0 0 0 0 0 0 0 0 0 0 0 0 0 0 0 0 0 0 0 0 0 0 0 0 0
2 2 5 7 0 0 0 0 0 0 0 0 0 0 0 0 0 0 0 0 0 0 0 0 0 0 0 0 0 0 0 0 0 0 0 0 0 0 0 0
2 2 6 0 1 1 1 -55 1 1 0 49 0 0 0 0 0 0 0 0 0 0 0 0 0 0 0 0 1 2 1 -19 1 2 0 4 0 0 0 0
2 2 6 1 1 1 2 55 1 1 1 -55 1 1 0 49 0 0 0 0 0 0 0 0 0 0 0 0 1 2 2 22 1 2 1 -19 1 2 0 4
2 2 6 2 1 1 0 49 1 1 2 55 1 1 1 -55 0 0 0 0 0 0 0 0 0 0 0 0 1 2 0 4 1 2 2 22 1 2 1 -19
2 2 6 3 1 1 1 -55 1 1 0 49 1 1 2 55 0 0 0 0 0 0 0 0 0 0 0 0 1 2 1 -19 1 2 0 4 1 2 2 22
2 2 6 4 1 1 2 55 1 1 1 -55 0 0 0 0 0 0 0 0 0 0 0 0 0 0 0 0 1 2 2 22 1 2 1 -19 0 0 0 0
2 2 6 5 0 0 0 0 1 1 2 55 0 0 0 0 0 0 0 0 0 0 0 0 0 0 0 0 0 0 0 0 1 2 2 22 0 0 0 0
2 2 6 6 0 0 0 0 0 0 0 0 0 0 0 0 0 0 0 0 0 0 0 0 0 0 0 0 0 0 0 0 0 0 0 0 0 0 0 0
2 2 6 7 0 0 0 0 0 0 0 0 0 0 0 0 0 0 0 0 0 0 0 0 0 0 0 0 0 0 0 0 0 0 0 0 0 0 0 0
2 2 7 0 1 2 1 -19 1 2 0 4 0 0 0 0 0 0 0 0 0 0 0 0 0 0 0 0 0 0 0 0 0 0 0 0 0 0 0 0
2 2 7 1 1 2 2 22 1 2 1 -19 1 2 0 4 0 0 0 0 0 0 0 0 0 0 0 0 0 0 0 0 0 0 0 0 0 0 0 0
2 2 7 2 1 2 0 4 1 2 2 22 1 2 1 -19 0 0 0 0 0 0 0 0 0 0 0 0 0 0 0 0 0 0 0 0 0 0 0 0
2 2 7 3 1 2 1 -19 1 2 0 4 1 2 2 22 0 0 0 0 0 0 0 0 0 0 0 0 0 0 0 0 0 0 0 0 0 0 0 0
2 2 7 4 1 2 2 22 1 2 1 -19 0 0 0 0 0 0 0 0 0 0 0 0 0 0 0 0 0 0 0 0 0 0 0 0 0 0 0 0
2 2 7 5 0 0 0 0 1 2 2 22 0 0 0 0 0 0 0 0 0 0 0 0 0 0 0 0 0 0 0 0 0 0 0 0 0 0 0 0
2 2 7 6 0 0 0 0 0 0 0 0 0 0 0 0 0 0 0 0 0 0 0 0 0 0 0 0 0 0 0 0 0 0 0 0 0 0 0 0
2 2 7 7 0 0 0 0 0 0 0 0 0 0 0 0 0 0 0 0 0 0 0 0 0 0 0 0 0 0 0 0 0 0 0 0 0 0 0 0
3 0 0 0 1 1 1 12 1 1 0 28 0 0 0 0 1 0 1 -32 1 0 0 9 0 0 0 0 0 0 0 0 0 0 0 0 0 0 0 0
3 0 0 1 1 1 2 0 1 1 1 12 1 1 0 28 1 0 2 -23 1 0 1 -32 1 0 0 9 0 0 0 0 0 0 0 0 0 0 0 0
3 0 0 2 1 1 0 28 1 1 2 0 1 1 1 12 1 0 0 9 1 0 2 -23 1 0 1 -32 0 0 0 0 0 0 0 0 0 0 0 0
3 0 0 3 1 1 1 12 1 1 0 28 1 1 2 0 1 0 1 -32 1 0 0 9 1 0 2 -23 0 0 0 0 0 0 0 0 0 0 0 0
3 0 0 4 1 1 2 0 1 1 1 12 0 0 0 0 1 0 2 -23 1 0 1 -32 0 0 0 0 0 0 0 0 0 0 0 0 0 0 0 0
3 0 0 5 0 0 0 0 1 1 2 0 0 0 0 0 0 0 0 0 1 0 2 -23 0 0 0 0 0 0 0 0 0 0 0 0 0 0 0 0
3 0 0 6 0 0 0 0 0 0 0 0 0 0 0 0 0 0 0 0 0 0 0 0 0 0 0 0 0 0 0 0 0 0 0 0 0 0 0 0
3 0 0 7 0 0 0 0 0 0 0 0 0 0 0 0 0 0 0 0 0 0 0 0 0 0 0 0 0 0 0 0 0 0 0 0 0 0 0 0
3 0 1 0 1 2 1 33 1 2 0 -21 0 0 0 0 1 1 1 12 1 1 0 28 0 0 0 0 1 0 1 -32 1 0 0 9 0 0 0 0
3 0 1 1 1 2 2 -14 1 2 1 33 1 2 0 -21 1 1 2 0 1 1 1 12 1 1 0 28 1 0 2 -23 1 0 1 -32 1 0 0 9
3 0 1 2 1 2 0 -21 1 2 2 -14 1 2 1 33 1 1 0 28 1 1 2 0 1 1 1 12 1 0 0 9 1 0 2 -23 1 0 1 -32
3 0 1 3 1 2 1 33 1 2 0 -21 1 2 2 -14 1 1 1 12 1 1 0 28 1 1 2 0 1 0 1 -32 1 0 0 9 1 0 2 -23
3 0 1 4 1 2 2 -14 1 2 1 33 0 0 0 0 1 1 2 0 1 1 1 12 0 0 0 0 1 0 2 -23 1 0 1 -32 0 0 0 0
3 0 1 5 0 0 0 0 1 2 2 -14 0 0 0 0 0 0 0 0 1 1 2 0 0 0 0 0 0 0 0 0 1 0 2 -23 0 0 0 0
3 0 1 6 0 0 0 0 0 0 0 0 0 0 0 0 0 0 0 0 0 0 0 0 0 0 0 0 0 0 0 0 0 0 0 0 0 0 0 0
3 0 1 7 0 0 0 0 0 0 0 0 0 0 0 0 0 0 0 0 0 0 0 0 0 0 0 0 0 0 0 0 0 0 0 0 0 0 0 0
3 0 2 0 1 0 1 -32 1 0 0 9 0 0 0 0 1 2 1 33 1 2 0 -21 0 0 0 0 1 1 1 12 1 1 0 28 0 0 0 0
3 0 2 1 1 0 2 -23 1 0 1 -32 1 0 0 9 1 2 2 -14 1 2 1 33 1 2 0 -21 1 1 2 0 1 1 1 12 1 1 0 28
3 0 2 2 1 0 0 9 1 0 2 -23 1 0 1 -32 1 2 0 -21 1 2 2 -14 1 2 1 33 1 1 0 28 1 1 2 0 1 1 1 12
3 0 2 3 1 0 1 -32 1 0 0 9 1 0 2 -23 1 2 1 33 1 2 0 -21 1 2 2 -14 1 1 1 12 1 1 0 28 1 1 2 0
3 0 2 4 1 0 2 -23 1 0 1 -32 0 0 0 0 1 2 2 -14 1 2 1 33 0 0 0 0 1 1 2 0 1 1 1 12 0 0 0 0
3 0 2 5 0 0 0 0 1 0 2 -23 0 0 0 0 0 0 0 0 1 2 2 -14 0 0 0 0 0 0 0 0 1 1 2 0 0 0 0 0
3 0 2 6 0 0 0 0 0 0 0 0 0 0 0 0 0 0 0 0 0 0 0 0 0 0 0 0 0 0 0 0 0 0 0 0 0 0 0 0
3 0 2 7 0 0 0 0 0 0 0 0 0 0 0 0 0 0 0 0 0 0 0 0 0 0 0 0 0 0 0 0 0 0 0 0 0 0 0 0
3 0 3 0 1 1 1 12 1 1 0 28 0 0 0 0 1 0 1 -32 1 0 0 9 0 0 0 0 1 2 1 33 1 2 0 -21 0 0 0 0
3 0 3 1 1 1 2 0 1 1 1 12 1 1 0 28 1 0 2 -23 1 0 1 -32 1 0 0 9 1 2 2 -14 1 2 1 33 1 2 0 -21
3 0 3 2 1 1 0 28 1 1 2 0 1 1 1 12 1 0 0 9 1 0 2 -23 1 0 1 -32 1 2 0 -21 1 2 2 -14 1 2 1 33
3 0 3 3 1 1 1 12 1 1 0 28 1 1 2 0 1 0 1 -32 1 0 0 9 1 0 2 -23 1 2 1 33 1 2 0 -21 1 2 2 -14
3 0 3 4 1 1 2 0 1 1 1 12 0 0 0 0 1 0 2 -23 1 0 1 -32 0 0 0 0 1 2 2 -14 1 2 1 33 0 0 0 0
3 0 3 5 0 0 0 0 1 1 2 0 0 0 0 0 0 0 0 0 1 0 2 -23 0 0 0 0 0 0 0 0 1 2 2 -14 0 0 0 0
3 0 3 6 0 0 0 0 0 0 0 0 0 0 0 0 0 0 0 0 0 0 0 0 0 0 0 0 0 0 0 0 0 0 0 0 0 0 0 0
3 0 3 7 0 0 0 0 0 0 0 0 0 0 0 0 0 0 0 0 0 0 0 0 0 0 0 0 0 0 0 0 0 0 0 0 0 0 0 0
3 0 4 0 1 2 1 33 1 2 0 -21 0 0 0 0 1 1 1 12 1 1 0 28 0 0 0 0 1 0 1 -32 1 0 0 9 0 0 0 0
3 0 4 1 1 2 2 -14 1 2 1 33 1 2 0 -21 1 1 2 0 1 1 1 12 1 1 0 28 1 0 2 -23 1 0 1 -32 1 0 0 9
3 0 4 2 1 2 0 -21 1 2 2 -14 1 2 1 33 1 1 0 28 1 1 2 0 1 1 1 12 1 0 0 9 1 0 2 -23 1 0 1 -32
3 0 4 3 1 2 1 33 1 2 0 -21 1 2 2 -14 1 1 1 12 1 1 0 28 1 1 2 0 1 0 1 -32 1 0 0 9 1 0 2 -23
3 0 4 4 1 2 2 -14 1 2 1 33 0 0 0 0 1 1 2 0 1 1 1 12 0 0 0 0 1 0 2 -23 1 0 1 -32 0 0 0 0
3 0 4 5 0 0 0 0 1 2 2 -14 0 0 0 0 0 0 0 0 1 1 2 0 0 0 0 0 0 0 0 0 1 0 2 -23 0 0 0 0
3 0 4 6 0 0 0 0 0 0 0 0 0 0 0 0 0 0 0 0 0 0 0 0 0 0 0 0 0 0 0 0 0 0 0 0 0 0 0 0
3 0 4 7 0 0 0 0 0 0 0 0 0 0 0 0 0 0 0 0 0 0 0 0 0 0 0 0 0 0 0 0 0 0 0 0 0 0 0 0
3 0 5 0 1 0 1 -32 1 0 0 9 0 0 0 0 1 2 1 33 1 2 0 -21 0 0 0 0 1 1 1 12 1 1 0 28 0 0 0 0
3 0 5 1 1 0 2 -23 1 0 1 -32 1 0 0 9 1 2 2 -14 1 2 1 33 1 2 0 -21 1 1 2 0 1 1 1 12 1 1 0 28
3 0 5 2 1 0 0 9 1 0 2 -23 1 0 1 -32 1 2 0 -21 1 2 2 -14 1 2 1 33 1 1 0 28 1 1 2 0 1 1 1 12
3 0 5 3 1 0 1 -32 1 0 0 9 1 0 2 -23 1 2 1 33 1 2 0 -21 1 2 2 -14 1 1 1 12 1 1 0 28 1 1 2 0
3 0 5 4 1 0 2 -23 1 0 1 -32 0 0 0 0 1 2 2 -14 1 2 1 33 0 0 0 0 1 1 2 0 1 1 1 12 0 0 0 0
3 0 5 5 0 0 0 0 1 0 2 -23 0 0 0 0 0 0 0 0 1 2 2 -14 0 0 0 0 0 0 0 0 1 1 2 0 0 0 0 0
3 0 5 6 0 0 0 0 0 0 0 0 0 0 0 0 0 0 0 0 0 0 0 0 0 0 0 0 0 0 0 0 0 0 0 0 0 0 0 0
3 0 5 7 0 0 0 0 0 0 0 0 0 0 0 0 0 0 0 0 0 0 0 0 0 0 0 0 0 0 0 0 0 0 0 0 0 0 0 0
3 0 6 0 1 1 1 12 1 1 0 28 0 0 0 0 0 0 0 0 0 0 0 0 0 0 0 0 1 2 1 33 1 2 0 -21 0 0 0 0
3 0 6 1 1 1 2 0 1 1 1 12 1 1 0 28 0 0 0 0 0 0 0 0 0 0 0 0 1 2 2 -14 1 2 1 33 1 2 0 -21
3 0 6 2 1 1 0 28 1 1 2 0 1 1 1 12 0 0 0 0 0 0 0 0 0 0 0 0 1 2 0 -21 1 2 2 -14 1 2 1 33
3 0 6 3 1 1 1 12 1 1 0 28 1 1 2 0 0 0 0 0 0 0 0 0 0 0 0 0 1 2 1 33 1 2 0 -21 1 2 2 -14
3 0 6 4 1 1 2 0 1 1 1 12 0 0 0 0 0 0 0 0 0 0 0 0 0 0 0 0 1 2 2 -14 1 2 1 33 0 0 0 0
3 0 6 5 0 0 0 0 1 1 2 0 0 0 0 0 0 0 0 0 0 0 0 0 0 0 0 0 0 0 0 0 1 2 2 -14 0 0 0 0
3 0 6 6 0 0 0 0 0 0 0 0 0 0 0 0 0 0 0 0 0 0 0 0 0 0 0 0 0 0 0 0 0 0 0 0 0 0 0 0
3 0 6 7 0 0 0 0 0 0 0 0 0 0 0 0 0 0 0 0 0 0 0 0 0 0 0 0 0 0 0 0 0 0 0 0 0 0 0 0
3 0 7 0 1 2 1 33 1 2 0 -21 0 0 0 0 0 0 0 0 0 0 0 0 0 0 0 0 0 0 0 0 0 0 0 0 0 0 0 0
3 0 7 1 1 2 2 -14 1 2 1 33 1 2 0 -21 0 0 0 0 0 0 0 0 0 0 0 0 0 0 0 0 0 0 0 0 0 0 0 0
3 0 7 2 1 2 0 -21 1 2 2 -14 1 2 1 33 0 0 0 0 0 0 0 0 0 0 0 0 0 0 0 0 0 0 0 0 0 0 0 0
3 0 7 3 1 2 1 33 1 2 0 -21 1 2 2 -14 0 0 0 0 0 0 0 0 0 0 0 0 0 0 0 0 0 0 0 0 0 0 0 0
3 0 7 4 1 2 2 -14 1 2 1 33 0 0 0 0 0 0 0 0 0 0 0 0 0 0 0 0 0 0 0 0 0 0 0 0 0 0 0 0
3 0 7 5 0 0 0 0 1 2 2 -14 0 0 0 0 0 0 0 0 0 0 0 0 0 0 0 0 0 0 0 0 0 0 0 0 0 0 0 0
3 0 7 6 0 0 0 0 0 0 0 0 0 0 0 0 0 0 0 0 0 0 0 0 0 0 0 0 0 0 0 0 0 0 0 0 0 0 0 0
3 0 7 7 0 0 0 0 0 0 0 0 0 0 0 0 0 0 0 0 0 0 0 0 0 0 0 0 0 0 0 0 0 0 0 0 0 0 0 0
3 1 0 0 1 1 1 27 1 1 0 -35 0 0 0 0 1 0 1 49 1 0 0 -22 0 0 0 0 0 0 0 0 0 0 0 0 0 0 0 0
3 1 0 1 1 1 2 15 1 1 1 27 1 1 0 -35 1 0 2 -31 1 0 1 49 1 0 0 -22 0 0 0 0 0 0 0 0 0 0 0 0
3 1 0 2 1 1 0 -35 1 1 2 15 1 1 1 27 1 0 0 -22 1 0 2 -31 1 0 1 49 0 0 0 0 0 0 0 0 0 0 0 0
3 1 0 3 1 1 1 27 1 1 0 -35 1 1 2 15 1 0 1 49 1 0 0 -22 1 0 2 -31 0 0 0 0 0 0 0 0 0 0 0 0
3 1 0 4 1 1 2 15 1 1 1 27 0 0 0 0 1 0 2 -31 1 0 1 49 0 0 0 0 0 0 0 0 0 0 0 0 0 0 0 0
3 1 0 5 0 0 0 0 1 1 2 15 0 0 0 0 0 0 0 0 1 0 2 -31 0 0 0 0 0 0 0 0 0 0 0 0 0 0 0 0
3 1 0 6 0 0 0 0 0 0 0 0 0 0 0 0 0 0 0 0 0 0 0 0 0 0 0 0 0 0 0 0 0 0 0 0 0 0 0 0
3 1 0 7 0 0 0 0 0 0 0 0 0 0 0 0 0 0 0 0 0 0 0 0 0 0 0 0 0 0 0 0 0 0 0 0 0 0 0 0
3 1 1 0 1 2 1 -54 1 2 0 -58 0 0 0 0 1 1 1 27 1 1 0 -35 0 0 0 0 1 0 1 49 1 0 0 -22 0 0 0 0
3 1 1 1 1 2 2 -16 1 2 1 -54 1 2 0 -58 1 1 2 15 1 1 1 27 1 1 0 -35 1 0 2 -31 1 0 1 49 1 0 0 -22
3 1 1 2 1 2 0 -58 1 2 2 -16 1 2 1 -54 1 1 0 -35 1 1 2 15 1 1 1 27 1 0 0 -22 1 0 2 -31 1 0 1 49
3 1 1 3 1 2 1 -54 1 2 0 -58 1 2 2 -16 1 1 1 27 1 1 0 -35 1 1 2 15 1 0 1 49 1 0 0 -22 1 0 2 -31
3 1 1 4 1 2 2 -16 1 2 1 -54 0 0 0 0 1 1 2 15 1 1 1 27 0 0 0 0 1 0 2 -31 1 0 1 49 0 0 0 0
3 1 1 5 0 0 0 0 1 2 2 -16 0 0 0 0 0 0 0 0 1 1 2 15 0 0 0 0 0 0 0 0 1 0 2 -31 0 0 0 0
3 1 1 6 0 0 0 0 0 0 0 0 0 0 0 0 0 0 0 0 0 0 0 0 0 0 0 0 0 0 0 0 0 0 0 0 0 0 0 0
3 1 1 7 0 0 0 0 0 0 0 0 0 0 0 0 0 0 0 0 0 0 0 0 0 0 0 0 0 0 0 0 0 0 0 0 0 0 0 0
3 1 2 0 1 0 1 49 1 0 0 -22 0 0 0 0 1 2 1 -54 1 2 0 -58 0 0 0 0 1 1 1 27 1 1 0 -35 0 0 0 0
3 1 2 1 1 0 2 -31 1 0 1 49 1 0 0 -22 1 2 2 -16 1 2 1 -54 1 2 0 -58 1 1 2 15 1 1 1 27 1 1 0 -35
3 1 2 2 1 0 0 -22 1 0 2 -31 1 0 1 49 1 2 0 -58 1 2 2 -16 1 2 1 -54 1 1 0 -35 1 1 2 15 1 1 1 27
3 1 2 3 1 0 1 49 1 0 0 -22 1 0 2 -31 1 2 1 -54 1 2 0 -58 1 2 2 -16 1 1 1 27 1 1 0 -35 1 1 2 15
3 1 2 4 1 0 2 -31 1 0 1 49 0 0 0 0 1 2 2 -16 1 2 1 -54 0 0 0 0 1 1 2 15 1 1 1 27 0 0 0 0
3 1 2 5 0 0 0 0 1 0 2 -31 0 0 0 0 0 0 0 0 1 2 2 -16 0 0 0 0 0 0 0 0 1 1 2 15 0 0 0 0
3 1 2 6 0 0 0 0 0 0 0 0 0 0 0 0 0 0 0 0 0 0 0 0 0 0 0 0 0 0 0 0 0 0 0 0 0 0 0 0
3 1 2 7 0 0 0 0 0 0 0 0 0 0 0 0 0 0 0 0 0 0 0 0 0 0 0 0 0 0 0 0 0 0 0 0 0 0 0 0
3 1 3 0 1 1 1 27 1 1 0 -35 0 0 0 0 1 0 1 49 1 0 0 -22 0 0 0 0 1 2 1 -54 1 2 0 -58 0 0 0 0
3 1 3 1 1 1 2 15 1 1 1 27 1 1 0 -35 1 0 2 -31 1 0 1 49 1 0 0 -22 1 2 2 -16 1 2 1 -54 1 2 0 -58
3 1 3 2 1 1 0 -35 1 1 2 15 1 1 1 27 1 0 0 -22 1 0 2 -31 1 0 1 49 1 2 0 -58 1 2 2 -16 1 2 1 -54
3 1 3 3 1 1 1 27 1 1 0 -35 1 1 2 15 1 0 1 49 1 0 0 -22 1 0 2 -31 1 2 1 -54 1 2 0 -58 1 2 2 -16
3 1 3 4 1 1 2 15 1 1 1 27 0 0 0 0 1 0 2 -31 1 0 1 49 0 0 0 0 1 2 2 -16 1 2 1 -54 0 0 0 0
3 1 3 5 0 0 0 0 1 1 2 15 0 0 0 0 0 0 0 0 1 0 2 -31 0 0 0 0 0 0 0 0 1 2 2 -16 0 0 0 0
3 1 3 6 0 0 0 0 0 0 0 0 0 0 0 0 0 0 0 0 0 0 0 0 0 0 0 0 0 0 0 0 0 0 0 0 0 0 0 0
3 1 3 7 0 0 0 0 0 0 0 0 0 0 0 0 0 0 0 0 0 0 0 0 0 0 0 0 0 0 0 0 0 0 0 0 0 0 0 0
3 1 4 0 1 2 1 -54 1 2 0 -58 0 0 0 0 1 1 1 27 1 1 0 -35 0 0 0 0 1 0 1 49 1 0 0 -22 0 0 0 0
3 1 4 1 1 2 2 -16 1 2 1 -54 1 2 0 -58 1 1 2 15 1 1 1 27 1 1 0 -35 1 0 2 -31 1 0 1 49 1 0 0 -22
3 1 4 2 1 2 0 -58 1 2 2 -16 1 2 1 -54 1 1 0 -35 1 1 2 15 1 1 1 27 1 0 0 -22 1 0 2 -31 1 0 1 49
3 1 4 3 1 2 1 -54 1 2 0 -58 1 2 2 -16 1 1 1 27 1 1 0 -35 1 1 2 15 1 0 1 49 1 0 0 -22 1 0 2 -31
3 1 4 4 1 2 2 -16 1 2 1 -54 0 0 0 0 1 1 2 15 1 1 1 27 0 0 0 0 1 0 2 -31 1 0 1 49 0 0 0 0
3 1 4 5 0 0 0 0 1 2 2 -16 0 0 0 0 0 0 0 0 1 1 2 15 0 0 0 0 0 0 0 0 1 0 2 -31 0 0 0 0
3 1 4 6 0 0 0 0 0 0 0 0 0 0 0 0 0 0 0 0 0 0 0 0 0 0 0 0 0 0 0 0 0 0 0 0 0 0 0 0
3 1 4 7 0 0 0 0 0 0 0 0 0 0 0 0 0 0 0 0 0 0 0 0 0 0 0 0 0 0 0 0 0 0 0 0 0 0 0 0
3 1 5 0 1 0 1 49 1 0 0 -22 0 0 0 0 1 2 1 -54 1 2 0 -58 0 0 0 0 1 1 1 27 1 1 0 -35 0 0 0 0
3 1 5 1 1 0 2 -31 1 0 1 49 1 0 0 -22 1 2 2 -16 1 2 1 -54 1 2 0 -58 1 1 2 15 1 1 1 27 1 1 0 -35
3 1 5 2 1 0 0 -22 1 0 2 -31 1 0 1 49 1 2 0 -58 1 2 2 -16 1 2 1 -54 1 1 0 -35 1 1 2 15 1 1 1 27
3 1 5 3 1 0 1 49 1 0 0 -22 1 0 2 -31 1 2 1 -54 1 2 0 -58 1 2 2 -16 1 1 1 27 1 1 0 -35 1 1 2 15
3 1 5 4 1 0 2 -31 1 0 1 49 0 0 0 0 1 2 2 -16 1 2 1 -54 0 0 0 0 1 1 2 15 1 1 1 27 0 0 0 0
3 1 5 5 0 0 0 0 1 0 2 -31 0 0 0 0 0 0 0 0 1 2 2 -16 0 0 0 0 0 0 0 0 1 1 2 15 0 0 0 0
3 1 5 6 0 0 0 0 0 0 0 0 0 0 0 0 0 0 0 0 0 0 0 0 0 0 0 0 0 0 0 0 0 0 0 0 0 0 0 0
3 1 5 7 0 0 0 0 0 0 0 0 0 0 0 0 0 0 0 0 0 0 0 0 0 0 0 0 0 0 0 0 0 0 0 0 0 0 0 0
3 1 6 0 1 1 1 27 1 1 0 -35 0 0 0 0 0 0 0 0 0 0 0 0 0 0 0 0 1 2 1 -54 1 2 0 -58 0 0 0 0
3 1 6 1 1 1 2 15 1 1 1 27 1 1 0 -35 0 0 0 0 0 0 0 0 0 0 0 0 1 2 2 -16 1 2 1 -54 1 2 0 -58
3 1 6 2 1 1 0 -35 1 1 2 15 1 1 1 27 0 0 0 0 0 0 0 0 0 0 0 0 1 2 0 -58 1 2 2 -16 1 2 1 -54
3 1 6 3 1 1 1 27 1 1 0 -35 1 1 2 15 0 0 0 0 0 0 0 0 0 0 0 0 1 2 1 -54 1 2 0 -58 1 2 2 -16
3 1 6 4 1 1 2 15 1 1 1 27 0 0 0 0 0 0 0 0 0 0 0 0 0 0 0 0 1 2 2 -16 1 2 1 -54 0 0 0 0
3 1 6 5 0 0 0 0 1 1 2 15 0 0 0 0 0 0 0 0 0 0 0 0 0 0 0 0 0 0 0 0 1 2 2 -16 0 0 0 0
3 1 6 6 0 0 0 0 0 0 0 0 0 0 0 0 0 0 0 0 0 0 0 0 0 0 0 0 0 0 0 0 0 0 0 0 0 0 0 0
3 1 6 7 0 0 0 0 0 0 0 0 0 0 0 0 0 0 0 0 0 0 0 0 0 0 0 0 0 0 0 0 0 0 0 0 0 0 0 0
3 1 7 0 1 2 1 -54 1 2 0 -58 0 0 0 0 0 0 0 0 0 0 0 0 0 0 0 0 0 0 0 0 0 0 0 0 0 0 0 0
3 1 7 1 1 2 2 -16 1 2 1 -54 1 2 0 -58 0 0 0 0 0 0 0 0 0 0 0 0 0 0 0 0 0 0 0 0 0 0 0 0
3 1 7 2 1 2 0 -58 1 2 2 -16 1 2 1 -54 0 0 0 0 0 0 0 0 0 0 0 0 0 0 0 0 0 0 0 0 0 0 0 0
3 1 7 3 1 2 1 -54 1 2 0 -58 1 2 2 -16 0 0 0 0 0 0 0 0 0 0 0 0 0 0 0 0 0 0 0 0 0 0 0 0
3 1 7 4 1 2 2 -16 1 2 1 -54 0 0 0 0 0 0 0 0 0 0 0 0 0 0 0 0 0 0 0 0 0 0 0 0 0 0 0 0
3 1 7 5 0 0 0 0 1 2 2 -16 0 0 0 0 0 0 0 0 0 0 0 0 0 0 0 0 0 0 0 0 0 0 0 0 0 0 0 0
3 1 7 6 0 0 0 0 0 0 0 0 0 0 0 0 0 0 0 0 0 0 0 0 0 0 0 0 0 0 0 0 0 0 0 0 0 0 0 0
3 1 7 7 0 0 0 0 0 0 0 0 0 0 0 0 0 0 0 0 0 0 0 0 0 0 0 0 0 0 0 0 0 0 0 0 0 0 0 0
3 2 0 0 1 1 1 -34 1 1 0 -24 0 0 0 0 1 0 1 -13 1 0 0 42 0 0 0 0 0 0 0 0 0 0 0 0 0 0 0 0
3 2 0 1 1 1 2 37 1 1 1 -34 1 1 0 -24 1 0 2 36 1 0 1 -13 1 0 0 42 0 0 0 0 0 0 0 0 0 0 0 0
3 2 0 2 1 1 0 -24 1 1 2 37 1 1 1 -34 1 0 0 42 1 0 2 36 1 0 1 -13 0 0 0 0 0 0 0 0 0 0 0 0
3 2 0 3 1 1 1 -34 1 1 0 -24 1 1 2 37 1 0 1 -13 1 0 0 42 1 0 2 36 0 0 0 0 0 0 0 0 0 0 0 0
3 2 0 4 1 1 2 37 1 1 1 -34 0 0 0 0 1 0 2 36 1 0 1 -13 0 0 0 0 0 0 0 0 0 0 0 0 0 0 0 0
3 2 0 5 0 0 0 0 1 1 2 37 0 0 0 0 0 0 0 0 1 0 2 36 0 0 0 0 0 0 0 0 0 0 0 0 0 0 0 0
3 2 0 6 0 0 0 0 0 0 0 0 0 0 0 0 0 0 0 0 0 0 0 0 0 0 0 0 0 0 0 0 0 0 0 0 0 0 0 0
3 2 0 7 0 0 0 0 0 0 0 0 0 0 0 0 0 0 0 0 0 0 0 0 0 0 0 0 0 0 0 0 0 0 0 0 0 0 0 0
3 2 1 0 1 2 1 -54 1 2 0 48 0 0 0 0 1 1 1 -34 1 1 0 -24 0 0 0 0 1 0 1 -13 1 0 0 42 0 0 0 0
3 2 1 1 1 2 2 -57 1 2 1 -54 1 2 0 48 1 1 2 37 1 1 1 -34 1 1 0 -24 1 0 2 36 1 0 1 -13 1 0 0 42
3 2 1 2 1 2 0 48 1 2 2 -57 1 2 1 -54 1 1 0 -24 1 1 2 37 1 1 1 -34 1 0 0 42 1 0 2 36 1 0 1 -13
3 2 1 3 1 2 1 -54 1 2 0 48 1 2 2 -57 1 1 1 -34 1 1 0 -24 1 1 2 37 1 0 1 -13 1 0 0 42 1 0 2 36
3 2 1 4 1 2 2 -57 1 2 1 -54 0 0 0 0 1 1 2 37 1 1 1 -34 0 0 0 0 1 0 2 36 1 0 1 -13 0 0 0 0
3 2 1 5 0 0 0 0 1 2 2 -57 0 0 0 0 0 0 0 0 1 1 2 37 0 0 0 0 0 0 0 0 1 0 2 36 0 0 0 0
3 2 1 6 0 0 0 0 0 0 0 0 0 0 0 0 0 0 0 0 0 0 0 0 0 0 0 0 0 0 0 0 0 0 0 0 0 0 0 0
3 2 1 7 0 0 0 0 0 0 0 0 0 0 0 0 0 0 0 0 0 0 0 0 0 0 0 0 0 0 0 0 0 0 0 0 0 0 0 0
3 2 2 0 1 0 1 -13 1 0 0 42 0 0 0 0 1 2 1 -54 1 2 0 48 0 0 0 0 1 1 1 -34 1 1 0 -24 0 0 0 0
3 2 2 1 1 0 2 36 1 0 1 -13 1 0 0 42 1 2 2 -57 1 2 1 -54 1 2 0 48 1 1 2 37 1 1 1 -34 1 1 0 -24
3 2 2 2 1 0 0 42 1 0 2 36 1 0 1 -13 1 2 0 48 1 2 2 -57 1 2 1 -54 1 1 0 -24 1 1 2 37 1 1 1 -34
3 2 2 3 1 0 1 -13 1 0 0 42 1 0 2 36 1 2 1 -54 1 2 0 48 1 2 2 -57 1 1 1 -34 1 1 0 -24 1 1 2 37
3 2 2 4 1 0 2 36 1 0 1 -13 0 0 0 0 1 2 2 -57 1 2 1 -54 0 0 0 0 1 1 2 37 1 1 1 -34 0 0 0 0
3 2 2 5 0 0 0 0 1 0 2 36 0 0 0 0 0 0 0 0 1 2 2 -57 0 0 0 0 0 0 0 0 1 1 2 37 0 0 0 0
3 2 2 6 0 0 0 0 0 0 0 0 0 0 0 0 0 0 0 0 0 0 0 0 0 0 0 0 0 0 0 0 0 0 0 0 0 0 0 0
3 2 2 7 0 0 0 0 0 0 0 0 0 0 0 0 0 0 0 0 0 0 0 0 0 0 0 0 0 0 0 0 0 0 0 0 0 0 0 0
3 2 3 0 1 1 1 -34 1 1 0 -24 0 0 0 0 1 0 1 -13 1 0 0 42 0 0 0 0 1 2 1 -54 1 2 0 48 0 0 0 0
3 2 3 1 1 1 2 37 1 1 1 -34 1 1 0 -24 1 0 2 36 1 0 1 -13 1 0 0 42 1 2 2 -57 1 2 1 -54 1 2 0 48
3 2 3 2 1 1 0 -24 1 1 2 37 1 1 1 -34 1 0 0 42 1 0 2 36 1 0 1 -13 1 2 0 48 1 2 2 -57 1 2 1 -54
3 2 3 3 1 1 1 -34 1 1 0 -24 1 1 2 37 1 0 1 -13 1 0 0 42 1 0 2 36 1 2 1 -54 1 2 0 48 1 2 2 -57
3 2 3 4 1 1 2 37 1 1 1 -34 0 0 0 0 1 0 2 36 1 0 1 -13 0 0 0 0 1 2 2 -57 1 2 1 -54 0 0 0 0
3 2 3 5 0 0 0 0 1 1 2 37 0 0 0 0 0 0 0 0 1 0 2 36 0 0 0 0 0 0 0 0 1 2 2 -57 0 0 0 0
3 2 3 6 0 0 0 0 0 0 0 0 0 0 0 0 0 0 0 0 0 0 0 0 0 0 0 0 0 0 0 0 0 0 0 0 0 0 0 0
3 2 3 7 0 0 0 0 0 0 0 0 0 0 0 0 0 0 0 0 0 0 0 0 0 0 0 0 0 0 0 0 0 0 0 0 0 0 0 0
3 2 4 0 1 2 1 -54 1 2 0 48 0 0 0 0 1 1 1 -34 1 1 0 -24 0 0 0 0 1 0 1 -13 1 0 0 42 0 0 0 0
3 2 4 1 1 2 2 -57 1 2 1 -54 1 2 0 48 1 1 2 37 1 1 1 -34 1 1 0 -24 1 0 2 36 1 0 1 -13 1 0 0 42
3 2 4 2 1 2 0 48 1 2 2 -57 1 2 1 -54 1 1 0 -24 1 1 2 37 1 1 1 -34 1 0 0 42 1 0 2 36 1 0 1 -13
3 2 4 3 1 2 1 -54 1 2 0 48 1 2 2 -57 1 1 1 -34 1 1 0 -24 1 1 2 37 1 0 1 -13 1 0 0 42 1 0 2 36
3 2 4 4 1 2 2 -57 1 2 1 -54 0 0 0 0 1 1 2 37 1 1 1 -34 0 0 0 0 1 0 2 36 1 0 1 -13 0 0 0 0
3 2 4 5 0 0 0 0 1 2 2 -57 0 0 0 0 0 0 0 0 1 1 2 37 0 0 0 0 0 0 0 0 1 0 2 36 0 0 0 0
3 2 4 6 0 0 0 0 0 0 0 0 0 0 0 0 0 0 0 0 0 0 0 0 0 0 0 0 0 0 0 0 0 0 0 0 0 0 0 0
3 2 4 7 0 0 0 0 0 0 0 0 0 0 0 0 0 0 0 0 0 0 0 0 0 0 0 0 0 0 0 0 0 0 0 0 0 0 0 0
3 2 5 0 1 0 1 -13 1 0 0 42 0 0 0 0 1 2 1 -54 1 2 0 48 0 0 0 0 1 1 1 -34 1 1 0 -24 0 0 0 0
3 2 5 1 1 0 2 36 1 0 1 -13 1 0 0 42 1 2 2 -57 1 2 1 -54 1 2 0 48 1 1 2 37 1 1 1 -34 1 1 0 -24
3 2 5 2 1 0 0 42 1 0 2 36 1 0 1 -13 1 2 0 48 1 2 2 -57 1 2 1 -54 1 1 0 -24 1 1 2 37 1 1 1 -34
3 2 5 3 1 0 1 -13 1 0 0 42 1 0 2 36 1 2 1 -54 1 2 0 48 1 2 2 -57 1 1 1 -34 1 1 0 -24 1 1 2 37
3 2 5 4 1 0 2 36 1 0 1 -13 0 0 0 0 1 2 2 -57 1 2 1 -54 0 0 0 0 1 1 2 37 1 1 1 -34 0 0 0 0
3 2 5 5 0 0 0 0 1 0 2 36 0 0 0 0 0 0 0 0 1 2 2 -57 0 0 0 0 0 0 0 0 1 1 2 37 0 0 0 0
3 2 5 6 0 0 0 0 0 0 0 0 0 0 0 0 0 0 0 0 0 0 0 0 0 0 0 0 0 0 0 0 0 0 0 0 0 0 0 0
3 2 5 7 0 0 0 0 0 0 0 0 0 0 0 0 0 0 0 0 0 0 0 0 0 0 0 0 0 0 0 0 0 0 0 0 0 0 0 0
3 2 6 0 1 1 1 -34 1 1 0 -24 0 0 0 0 0 0 0 0 0 0 0 0 0 0 0 0 1 2 1 -54 1 2 0 48 0 0 0 0
3 2 6 1 1 1 2 37 1 1 1 -34 1 1 0 -24 0 0 0 0 0 0 0 0 0 0 0 0 1 2 2 -57 1 2 1 -54 1 2 0 48
3 2 6 2 1 1 0 -24 1 1 2 37 1 1 1 -34 0 0 0 0 0 0 0 0 0 0 0 0 1 2 0 48 1 2 2 -57 1 2 1 -54
3 2 6 3 1 1 1 -34 1 1 0 -24 1 1 2 37 0 0 0 0 0 0 0 0 0 0 0 0 1 2 1 -54 1 2 0 48 1 2 2 -57
3 2 6 4 1 1 2 37 1 1 1 -34 0 0 0 0 0 0 0 0 0 0 0 0 0 0 0 0 1 2 2 -57 1 2 1 -54 0 0 0 0
3 2 6 5 0 0 0 0 1 1 2 37 0 0 0 0 0 0 0 0 0 0 0 0 0 0 0 0 0 0 0 0 1 2 2 -57 0 0 0 0
3 2 6 6 0 0 0 0 0 0 0 0 0 0 0 0 0 0 0 0 0 0 0 0 0 0 0 0 0 0 0 0 0 0 0 0 0 0 0 0
3 2 6 7 0 0 0 0 0 0 0 0 0 0 0 0 0 0 0 0 0 0 0 0 0 0 0 0 0 0 0 0 0 0 0 0 0 0 0 0
3 2 7 0 1 2 1 -54 1 2 0 48 0 0 0 0 0 0 0 0 0 0 0 0 0 0 0 0 0 0 0 0 0 0 0 0 0 0 0 0
3 2 7 1 1 2 2 -57 1 2 1 -54 1 2 0 48 0 0 0 0 0 0 0 0 0 0 0 0 0 0 0 0 0 0 0 0 0 0 0 0
3 2 7 2 1 2 0 48 1 2 2 -57 1 2 1 -54 0 0 0 0 0 0 0 0 0 0 0 0 0 0 0 0 0 0 0 0 0 0 0 0
3 2 7 3 1 2 1 -54 1 2 0 48 1 2 2 -57 0 0 0 0 0 0 0 0 0 0 0 0 0 0 0 0 0 0 0 0 0 0 0 0
3 2 7 4 1 2 2 -57 1 2 1 -54 0 0 0 0 0 0 0 0 0 0 0 0 0 0 0 0 0 0 0 0 0 0 0 0 0 0 0 0
3 2 7 5 0 0 0 0 1 2 2 -57 0 0 0 0 0 0 0 0 0 0 0 0 0 0 0 0 0 0 0 0 0 0 0 0 0 0 0 0
3 2 7 6 0 0 0 0 0 0 0 0 0 0 0 0 0 0 0 0 0 0 0 0 0 0 0 0 0 0 0 0 0 0 0 0 0 0 0 0
3 2 7 7 0 0 0 0 0 0 0 0 0 0 0 0 0 0 0 0 0 0 0 0 0 0 0 0 0 0 0 0 0 0 0 0 0 0 0 0
4 0 0 0 1 1 1 46 1 1 0 -45 0 0 0 0 1 0 1 -21 1 0 0 21 0 0 0 0 0 0 0 0 0 0 0 0 0 0 0 0
4 0 0 1 1 1 2 -7 1 1 1 46 1 1 0 -45 1 0 2 9 1 0 1 -21 1 0 0 21 0 0 0 0 0 0 0 0 0 0 0 0
4 0 0 2 1 1 0 -45 1 1 2 -7 1 1 1 46 1 0 0 21 1 0 2 9 1 0 1 -21 0 0 0 0 0 0 0 0 0 0 0 0
4 0 0 3 1 1 1 46 1 1 0 -45 1 1 2 -7 1 0 1 -21 1 0 0 21 1 0 2 9 0 0 0 0 0 0 0 0 0 0 0 0
4 0 0 4 1 1 2 -7 1 1 1 46 0 0 0 0 1 0 2 9 1 0 1 -21 0 0 0 0 0 0 0 0 0 0 0 0 0 0 0 0
4 0 0 5 0 0 0 0 1 1 2 -7 0 0 0 0 0 0 0 0 1 0 2 9 0 0 0 0 0 0 0 0 0 0 0 0 0 0 0 0
4 0 0 6 0 0 0 0 0 0 0 0 0 0 0 0 0 0 0 0 0 0 0 0 0 0 0 0 0 0 0 0 0 0 0 0 0 0 0 0
4 0 0 7 0 0 0 0 0 0 0 0 0 0 0 0 0 0 0 0 0 0 0 0 0 0 0 0 0 0 0 0 0 0 0 0 0 0 0 0
4 0 1 0 1 2 1 37 1 2 0 50 0 0 0 0 1 1 1 46 1 1 0 -45 0 0 0 0 1 0 1 -21 1 0 0 21 0 0 0 0
4 0 1 1 1 2 2 26 1 2 1 37 1 2 0 50 1 1 2 -7 1 1 1 46 1 1 0 -45 1 0 2 9 1 0 1 -21 1 0 0 21
4 0 1 2 1 2 0 50 1 2 2 26 1 2 1 37 1 1 0 -45 1 1 2 -7 1 1 1 46 1 0 0 21 1 0 2 9 1 0 1 -21
4 0 1 3 1 2 1 37 1 2 0 50 1 2 2 26 1 1 1 46 1 1 0 -45 1 1 2 -7 1 0 1 -21 1 0 0 21 1 0 2 9
4 0 1 4 1 2 2 26 1 2 1 37 0 0 0 0 1 1 2 -7 1 1 1 46 0 0 0 0 1 0 2 9 1 0 1 -21 0 0 0 0
4 0 1 5 0 0 0 0 1 2 2 26 0 0 0 0 0 0 0 0 1 1 2 -7 0 0 0 0 0 0 0 0 1 0 2 9 0 0 0 0
4 0 1 6 0 0 0 0 0 0 0 0 0 0 0 0 0 0 0 0 0 0 0 0 0 0 0 0 0 0 0 0 0 0 0 0 0 0 0 0
4 0 1 7 0 0 0 0 0 0 0 0 0 0 0 0 0 0 0 0 0 0 0 0 0 0 0 0 0 0 0 0 0 0 0 0 0 0 0 0
4 0 2 0 1 0 1 -21 1 0 0 21 0 0 0 0 1 2 1 37 1 2 0 50 0 0 0 0 1 1 1 46 1 1 0 -45 0 0 0 0
4 0 2 1 1 0 2 9 1 0 1 -21 1 0 0 21 1 2 2 26 1 2 1 37 1 2 0 50 1 1 2 -7 1 1 1 46 1 1 0 -45
4 0 2 2 1 0 0 21 1 0 2 9 1 0 1 -21 1 2 0 50 1 2 2 26 1 2 1 37 1 1 0 -45 1 1 2 -7 1 1 1 46
4 0 2 3 1 0 1 -21 1 0 0 21 1 0 2 9 1 2 1 37 1 2 0 50 1 2 2 26 1 1 1 46 1 1 0 -45 1 1 2 -7
4 0 2 4 1 0 2 9 1 0 1 -21 0 0 0 0 1 2 2 26 1 2 1 37 0 0 0 0 1 1 2 -7 1 1 1 46 0 0 0 0
4 0 2 5 0 0 0 0 1 0 2 9 0 0 0 0 0 0 0 0 1 2 2 26 0 0 0 0 0 0 0 0 1 1 2 -7 0 0 0 0
4 0 2 6 0 0 0 0 0 0 0 0 0 0 0 0 0 0 0 0 0 0 0 0 0 0 0 0 0 0 0 0 0 0 0 0 0 0 0 0
4 0 2 7 0 0 0 0 0 0 0 0 0 0 0 0 0 0 0 0 0 0 0 0 0 0 0 0 0 0 0 0 0 0 0 0 0 0 0 0
4 0 3 0 1 1 1 46 1 1 0 -45 0 0 0 0 1 0 1 -21 1 0 0 21 0 0 0 0 1 2 1 37 1 2 0 50 0 0 0 0
4 0 3 1 1 1 2 -7 1 1 1 46 1 1 0 -45 1 0 2 9 1 0 1 -21 1 0 0 21 1 2 2 26 1 2 1 37 1 2 0 50
4 0 3 2 1 1 0 -45 1 1 2 -7 1 1 1 46 1 0 0 21 1 0 2 9 1 0 1 -21 1 2 0 50 1 2 2 26 1 2 1 37
4 0 3 3 1 1 1 46 1 1 0 -45 1 1 2 -7 1 0 1 -21 1 0 0 21 1 0 2 9 1 2 1 37 1 2 0 50 1 2 2 26
4 0 3 4 1 1 2 -7 1 1 1 46 0 0 0 0 1 0 2 9 1 0 1 -21 0 0 0 0 1 2 2 26 1 2 1 37 0 0 0 0
4 0 3 5 0 0 0 0 1 1 2 -7 0 0 0 0 0 0 0 0 1 0 2 9 0 0 0 0 0 0 0 0 1 2 2 26 0 0 0 0
4 0 3 6 0 0 0 0 0 0 0 0 0 0 0 0 0 0 0 0 0 0 0 0 0 0 0 0 0 0 0 0 0 0 0 0 0 0 0 0
4 0 3 7 0 0 0 0 0 0 0 0 0 0 0 0 0 0 0 0 0 0 0 0 0 0 0 0 0 0 0 0 0 0 0 0 0 0 0 0
4 0 4 0 1 2 1 37 1 2 0 50 0 0 0 0 1 1 1 46 1 1 0 -45 0 0 0 0 1 0 1 -21 1 0 0 21 0 0 0 0
4 0 4 1 1 2 2 26 1 2 1 37 1 2 0 50 1 1 2 -7 1 1 1 46 1 1 0 -45 1 0 2 9 1 0 1 -21 1 0 0 21
4 0 4 2 1 2 0 50 1 2 2 26 1 2 1 37 1 1 0 -45 1 1 2 -7 1 1 1 46 1 0 0 21 1 0 2 9 1 0 1 -21
4 0 4 3 1 2 1 37 1 2 0 50 1 2 2 26 1 1 1 46 1 1 0 -45 1 1 2 -7 1 0 1 -21 1 0 0 21 1 0 2 9
4 0 4 4 1 2 2 26 1 2 1 37 0 0 0 0 1 1 2 -7 1 1 1 46 0 0 0 0 1 0 2 9 1 0 1 -21 0 0 0 0
4 0 4 5 0 0 0 0 1 2 2 26 0 0 0 0 0 0 0 0 1 1 2 -7 0 0 0 0 0 0 0 0 1 0 2 9 0 0 0 0
4 0 4 6 0 0 0 0 0 0 0 0 0 0 0 0 0 0 0 0 0 0 0 0 0 0 0 0 0 0 0 0 0 0 0 0 0 0 0 0
4 0 4 7 0 0 0 0 0 0 0 0 0 0 0 0 0 0 0 0 0 0 0 0 0 0 0 0 0 0 0 0 0 0 0 0 0 0 0 0
4 0 5 0 1 0 1 -21 1 0 0 21 0 0 0 0 1 2 1 37 1 2 0 50 0 0 0 0 1 1 1 46 1 1 0 -45 0 0 0 0
4 0 5 1 1 0 2 9 1 0 1 -21 1 0 0 21 1 2 2 26 1 2 1 37 1 2 0 50 1 1 2 -7 1 1 1 46 1 1 0 -45
4 0 5 2 1 0 0 21 1 0 2 9 1 0 1 -21 1 2 0 50 1 2 2 26 1 2 1 37 1 1 0 -45 1 1 2 -7 1 1 1 46
4 0 5 3 1 0 1 -21 1 0 0 21 1 0 2 9 1 2 1 37 1 2 0 50 1 2 2 26 1 1 1 46 1 1 0 -45 1 1 2 -7
4 0 5 4 1 0 2 9 1 0 1 -21 0 0 0 0 1 2 2 26 1 2 1 37 0 0 0 0 1 1 2 -7 1 1 1 46 0 0 0 0
4 0 5 5 0 0 0 0 1 0 2 9 0 0 0 0 0 0 0 0 1 2 2 26 0 0 0 0 0 0 0 0 1 1 2 -7 0 0 0 0
4 0 5 6 0 0 0 0 0 0 0 0 0 0 0 0 0 0 0 0 0 0 0 0 0 0 0 0 0 0 0 0 0 0 0 0 0 0 0 0
4 0 5 7 0 0 0 0 0 0 0 0 0 0 0 0 0 0 0 0 0 0 0 0 0 0 0 0 0 0 0 0 0 0 0 0 0 0 0 0
4 0 6 0 1 1 1 46 1 1 0 -45 0 0 0 0 0 0 0 0 0 0 0 0 0 0 0 0 1 2 1 37 1 2 0 50 0 0 0 0
4 0 6 1 1 1 2 -7 1 1 1 46 1 1 0 -45 0 0 0 0 0 0 0 0 0 0 0 0 1 2 2 26 1 2 1 37 1 2 0 50
4 0 6 2 1 1 0 -45 1 1 2 -7 1 1 1 46 0 0 0 0 0 0 0 0 0 0 0 0 1 2 0 50 1 2 2 26 1 2 1 37
4 0 6 3 1 1 1 46 1 1 0 -45 1 1 2 -7 0 0 0 0 0 0 0 0 0 0 0 0 1 2 1 37 1 2 0 50 1 2 2 26
4 0 6 4 1 1 2 -7 1 1 1 46 0 0 0 0 0 0 0 0 0 0 0 0 0 0 0 0 1 2 2 26 1 2 1 37 0 0 0 0
4 0 6 5 0 0 0 0 1 1 2 -7 0 0 0 0 0 0 0 0 0 0 0 0 0 0 0 0 0 0 0 0 1 2 2 26 0 0 0 0
4 0 6 6 0 0 0 0 0 0 0 0 0 0 0 0 0 0 0 0 0 0 0 0 0 0 0 0 0 0 0 0 0 0 0 0 0 0 0 0
4 0 6 7 0 0 0 0 0 0 0 0 0 0 0 0 0 0 0 0 0 0 0 0 0 0 0 0 0 0 0 0 0 0 0 0 0 0 0 0
4 0 7 0 1 2 1 37 1 2 0 50 0 0 0 0 0 0 0 0 0 0 0 0 0 0 0 0 0 0 0 0 0 0 0 0 0 0 0 0
4 0 7 1 1 2 2 26 1 2 1 37 1 2 0 50 0 0 0 0 0 0 0 0 0 0 0 0 0 0 0 0 0 0 0 0 0 0 0 0
4 0 7 2 1 2 0 50 1 2 2 26 1 2 1 37 0 0 0 0 0 0 0 0 0 0 0 0 0 0 0 0 0 0 0 0 0 0 0 0
4 0 7 3 1 2 1 37 1 2 0 50 1 2 2 26 0 0 0 0 0 0 0 0 0 0 0 0 0 0 0 0 0 0 0 0 0 0 0 0
4 0 7 4 1 2 2 26 1 2 1 37 0 0 0 0 0 0 0 0 0 0 0 0 0 0 0 0 0 0 0 0 0 0 0 0 0 0 0 0
4 0 7 5 0 0 0 0 1 2 2 26 0 0 0 0 0 0 0 0 0 0 0 0 0 0 0 0 0 0 0 0 0 0 0 0 0 0 0 0
4 0 7 6 0 0 0 0 0 0 0 0 0 0 0 0 0 0 0 0 0 0 0 0 0 0 0 0 0 0 0 0 0 0 0 0 0 0 0 0
4 0 7 7 0 0 0 0 0 0 0 0 0 0 0 0 0 0 0 0 0 0 0 0 0 0 0 0 0 0 0 0 0 0 0 0 0 0 0 0
4 1 0 0 1 1 1 -13 1 1 0 8 0 0 0 0 1 0 1 34 1 0 0 -35 0 0 0 0 0 0 0 0 0 0 0 0 0 0 0 0
4 1 0 1 1 1 2 63 1 1 1 -13 1 1 0 8 1 0 2 -58 1 0 1 34 1 0 0 -35 0 0 0 0 0 0 0 0 0 0 0 0
4 1 0 2 1 1 0 8 1 1 2 63 1 1 1 -13 1 0 0 -35 1 0 2 -58 1 0 1 34 0 0 0 0 0 0 0 0 0 0 0 0
4 1 0 3 1 1 1 -13 1 1 0 8 1 1 2 63 1 0 1 34 1 0 0 -35 1 0 2 -58 0 0 0 0 0 0 0 0 0 0 0 0
4 1 0 4 1 1 2 63 1 1 1 -13 0 0 0 0 1 0 2 -58 1 0 1 34 0 0 0 0 0 0 0 0 0 0 0 0 0 0 0 0
4 1 0 5 0 0 0 0 1 1 2 63 0 0 0 0 0 0 0 0 1 0 2 -58 0 0 0 0 0 0 0 0 0 0 0 0 0 0 0 0
4 1 0 6 0 0 0 0 0 0 0 0 0 0 0 0 0 0 0 0 0 0 0 0 0 0 0 0 0 0 0 0 0 0 0 0 0 0 0 0
4 1 0 7 0 0 0 0 0 0 0 0 0 0 0 0 0 0 0 0 0 0 0 0 0 0 0 0 0 0 0 0 0 0 0 0 0 0 0 0
4 1 1 0 1 2 1 57 1 2 0 -39 0 0 0 0 1 1 1 -13 1 1 0 8 0 0 0 0 1 0 1 34 1 0 0 -35 0 0 0 0
4 1 1 1 1 2 2 -53 1 2 1 57 1 2 0 -39 1 1 2 63 1 1 1 -13 1 1 0 8 1 0 2 -58 1 0 1 34 1 0 0 -35
4 1 1 2 1 2 0 -39 1 2 2 -53 1 2 1 57 1 1 0 8 1 1 2 63 1 1 1 -13 1 0 0 -35 1 0 2 -58 1 0 1 34
4 1 1 3 1 2 1 57 1 2 0 -39 1 2 2 -53 1 1 1 -13 1 1 0 8 1 1 2 63 1 0 1 34 1 0 0 -35 1 0 2 -58
4 1 1 4 1 2 2 -53 1 2 1 57 0 0 0 0 1 1 2 63 1 1 1 -13 0 0 0 0 1 0 2 -58 1 0 1 34 0 0 0 0
4 1 1 5 0 0 0 0 1 2 2 -53 0 0 0 0 0 0 0 0 1 1 2 63 0 0 0 0 0 0 0 0 1 0 2 -58 0 0 0 0
4 1 1 6 0 0 0 0 0 0 0 0 0 0 0 0 0 0 0 0 0 0 0 0 0 0 0 0 0 0 0 0 0 0 0 0 0 0 0 0
4 1 1 7 0 0 0 0 0 0 0 0 0 0 0 0 0 0 0 0 0 0 0 0 0 0 0 0 0 0 0 0 0 0 0 0 0 0 0 0
4 1 2 0 1 0 1 34 1 0 0 -35 0 0 0 0 1 2 1 57 1 2 0 -39 0 0 0 0 1 1 1 -13 1 1 0 8 0 0 0 0
4 1 2 1 1 0 2 -58 1 0 1 34 1 0 0 -35 1 2 2 -53 1 2 1 57 1 2 0 -39 1 1 2 63 1 1 1 -13 1 1 0 8
4 1 2 2 1 0 0 -35 1 0 2 -58 1 0 1 34 1 2 0 -39 1 2 2 -53 1 2 1 57 1 1 0 8 1 1 2 63 1 1 1 -13
4 1 2 3 1 0 1 34 1 0 0 -35 1 0 2 -58 1 2 1 57 1 2 0 -39 1 2 2 -53 1 1 1 -13 1 1 0 8 1 1 2 63
4 1 2 4 1 0 2 -58 1 0 1 34 0 0 0 0 1 2 2 -53 1 2 1 57 0 0 0 0 1 1 2 63 1 1 1 -13 0 0 0 0
4 1 2 5 0 0 0 0 1 0 2 -58 0 0 0 0 0 0 0 0 1 2 2 -53 0 0 0 0 0 0 0 0 1 1 2 63 0 0 0 0
4 1 2 6 0 0 0 0 0 0 0 0 0 0 0 0 0 0 0 0 0 0 0 0 0 0 0 0 0 0 0 0 0 0 0 0 0 0 0 0
4 1 2 7 0 0 0 0 0 0 0 0 0 0 0 0 0 0 0 0 0 0 0 0 0 0 0 0 0 0 0 0 0 0 0 0 0 0 0 0
4 1 3 0 1 1 1 -13 1 1 0 8 0 0 0 0 1 0 1 34 1 0 0 -35 0 0 0 0 1 2 1 57 1 2 0 -39 0 0 0 0
4 1 3 1 1 1 2 63 1 1 1 -13 1 1 0 8 1 0 2 -58 1 0 1 34 1 0 0 -35 1 2 2 -53 1 2 1 57 1 2 0 -39
4 1 3 2 1 1 0 8 1 1 2 63 1 1 1 -13 1 0 0 -35 1 0 2 -58 1 0 1 34 1 2 0 -39 1 2 2 -53 1 2 1 57
4 1 3 3 1 1 1 -13 1 1 0 8 1 1 2 63 1 0 1 34 1 0 0 -35 1 0 2 -58 1 2 1 57 1 2 0 -39 1 2 2 -53
4 1 3 4 1 1 2 63 1 1 1 -13 0 0 0 0 1 0 2 -58 1 0 1 34 0 0 0 0 1 2 2 -53 1 2 1 57 0 0 0 0
4 1 3 5 0 0 0 0 1 1 2 63 0 0 0 0 0 0 0 0 1 0 2 -58 0 0 0 0 0 0 0 0 1 2 2 -53 0 0 0 0
4 1 3 6 0 0 0 0 0 0 0 0 0 0 0 0 0 0 0 0 0 0 0 0 0 0 0 0 0 0 0 0 0 0 0 0 0 0 0 0
4 1 3 7 0 0 0 0 0 0 0 0 0 0 0 0 0 0 0 0 0 0 0 0 0 0 0 0 0 0 0 0 0 0 0 0 0 0 0 0
4 1 4 0 1 2 1 57 1 2 0 -39 0 0 0 0 1 1 1 -13 1 1 0 8 0 0 0 0 1 0 1 34 1 0 0 -35 0 0 0 0
4 1 4 1 1 2 2 -53 1 2 1 57 1 2 0 -39 1 1 2 63 1 1 1 -13 1 1 0 8 1 0 2 -58 1 0 1 34 1 0 0 -35
4 1 4 2 1 2 0 -39 1 2 2 -53 1 2 1 57 1 1 0 8 1 1 2 63 1 1 1 -13 1 0 0 -35 1 0 2 -58 1 0 1 34
4 1 4 3 1 2 1 57 1 2 0 -39 1 2 2 -53 1 1 1 -13 1 1 0 8 1 1 2 63 1 0 1 34 1 0 0 -35 1 0 2 -58
4 1 4 4 1 2 2 -53 1 2 1 57 0 0 0 0 1 1 2 63 1 1 1 -13 0 0 0 0 1 0 2 -58 1 0 1 34 0 0 0 0
4 1 4 5 0 0 0 0 1 2 2 -53 0 0 0 0 0 0 0 0 1 1 2 63 0 0 0 0 0 0 0 0 1 0 2 -58 0 0 0 0
4 1 4 6 0 0 0 0 0 0 0 0 0 0 0 0 0 0 0 0 0 0 0 0 0 0 0 0 0 0 0 0 0 0 0 0 0 0 0 0
4 1 4 7 0 0 0 0 0 0 0 0 0 0 0 0 0 0 0 0 0 0 0 0 0 0 0 0 0 0 0 0 0 0 0 0 0 0 0 0
4 1 5 0 1 0 1 34 1 0 0 -35 0 0 0 0 1 2 1 57 1 2 0 -39 0 0 0 0 1 1 1 -13 1 1 0 8 0 0 0 0
4 1 5 1 1 0 2 -58 1 0 1 34 1 0 0 -35 1 2 2 -53 1 2 1 57 1 2 0 -39 1 1 2 63 1 1 1 -13 1 1 0 8
4 1 5 2 1 0 0 -35 1 0 2 -58 1 0 1 34 1 2 0 -39 1 2 2 -53 1 2 1 57 1 1 0 8 1 1 2 63 1 1 1 -13
4 1 5 3 1 0 1 34 1 0 0 -35 1 0 2 -58 1 2 1 57 1 2 0 -39 1 2 2 -53 1 1 1 -13 1 1 0 8 1 1 2 63
4 1 5 4 1 0 2 -58 1 0 1 34 0 0 0 0 1 2 2 -53 1 2 1 57 0 0 0 0 1 1 2 63 1 1 1 -13 0 0 0 0
4 1 5 5 0 0 0 0 1 0 2 -58 0 0 0 0 0 0 0 0 1 2 2 -53 0 0 0 0 0 0 0 0 1 1 2 63 0 0 0 0
4 1 5 6 0 0 0 0 0 0 0 0 0 0 0 0 0 0 0 0 0 0 0 0 0 0 0 0 0 0 0 0 0 0 0 0 0 0 0 0
4 1 5 7 0 0 0 0 0 0 0 0 0 0 0 0 0 0 0 0 0 0 0 0 0 0 0 0 0 0 0 0 0 0 0 0 0 0 0 0
4 1 6 0 1 1 1 -13 1 1 0 8 0 0 0 0 0 0 0 0 0 0 0 0 0 0 0 0 1 2 1 57 1 2 0 -39 0 0 0 0
4 1 6 1 1 1 2 63 1 1 1 -13 1 1 0 8 0 0 0 0 0 0 0 0 0 0 0 0 1 2 2 -53 1 2 1 57 1 2 0 -39
4 1 6 2 1 1 0 8 1 1 2 63 1 1 1 -13 0 0 0 0 0 0 0 0 0 0 0 0 1 2 0 -39 1 2 2 -53 1 2 1 57
4 1 6 3 1 1 1 -13 1 1 0 8 1 1 2 63 0 0 0 0 0 0 0 0 0 0 0 0 1 2 1 57 1 2 0 -39 1 2 2 -53
4 1 6 4 1 1 2 63 1 1 1 -13 0 0 0 0 0 0 0 0 0 0 0 0 0 0 0 0 1 2 2 -53 1 2 1 57 0 0 0 0
4 1 6 5 0 0 0 0 1 1 2 63 0 0 0 0 0 0 0 0 0 0 0 0 0 0 0 0 0 0 0 0 1 2 2 -53 0 0 0 0
4 1 6 6 0 0 0 0 0 0 0 0 0 0 0 0 0 0 0 0 0 0 0 0 0 0 0 0 0 0 0 0 0 0 0 0 0 0 0 0
4 1 6 7 0 0 0 0 0 0 0 0 0 0 0 0 0 0 0 0 0 0 0 0 0 0 0 0 0 0 0 0 0 0 0 0 0 0 0 0
4 1 7 0 1 2 1 57 1 2 0 -39 0 0 0 0 0 0 0 0 0 0 0 0 0 0 0 0 0 0 0 0 0 0 0 0 0 0 0 0
4 1 7 1 1 2 2 -53 1 2 1 57 1 2 0 -39 0 0 0 0 0 0 0 0 0 0 0 0 0 0 0 0 0 0 0 0 0 0 0 0
4 1 7 2 1 2 0 -39 1 2 2 -53 1 2 1 57 0 0 0 0 0 0 0 0 0 0 0 0 0 0 0 0 0 0 0 0 0 0 0 0
4 1 7 3 1 2 1 57 1 2 0 -39 1 2 2 -53 0 0 0 0 0 0 0 0 0 0 0 0 0 0 0 0 0 0 0 0 0 0 0 0
4 1 7 4 1 2 2 -53 1 2 1 57 0 0 0 0 0 0 0 0 0 0 0 0 0 0 0 0 0 0 0 0 0 0 0 0 0 0 0 0
4 1 7 5 0 0 0 0 1 2 2 -53 0 0 0 0 0 0 0 0 0 0 0 0 0 0 0 0 0 0 0 0 0 0 0 0 0 0 0 0
4 1 7 6 0 0 0 0 0 0 0 0 0 0 0 0 0 0 0 0 0 0 0 0 0 0 0 0 0 0 0 0 0 0 0 0 0 0 0 0
4 1 7 7 0 0 0 0 0 0 0 0 0 0 0 0 0 0 0 0 0 0 0 0 0 0 0 0 0 0 0 0 0 0 0 0 0 0 0 0
4 2 0 0 1 1 1 51 1 1 0 -26 0 0 0 0 1 0 1 10 1 0 0 15 0 0 0 0 0 0 0 0 0 0 0 0 0 0 0 0
4 2 0 1 1 1 2 22 1 1 1 51 1 1 0 -26 1 0 2 51 1 0 1 10 1 0 0 15 0 0 0 0 0 0 0 0 0 0 0 0
4 2 0 2 1 1 0 -26 1 1 2 22 1 1 1 51 1 0 0 15 1 0 2 51 1 0 1 10 0 0 0 0 0 0 0 0 0 0 0 0
4 2 0 3 1 1 1 51 1 1 0 -26 1 1 2 22 1 0 1 10 1 0 0 15 1 0 2 51 0 0 0 0 0 0 0 0 0 0 0 0
4 2 0 4 1 1 2 22 1 1 1 51 0 0 0 0 1 0 2 51 1 0 1 10 0 0 0 0 0 0 0 0 0 0 0 0 0 0 0 0
4 2 0 5 0 0 0 0 1 1 2 22 0 0 0 0 0 0 0 0 1 0 2 51 0 0 0 0 0 0 0 0 0 0 0 0 0 0 0 0
4 2 0 6 0 0 0 0 0 0 0 0 0 0 0 0 0 0 0 0 0 0 0 0 0 0 0 0 0 0 0 0 0 0 0 0 0 0 0 0
4 2 0 7 0 0 0 0 0 0 0 0 0 0 0 0 0 0 0 0 0 0 0 0 0 0 0 0 0 0 0 0 0 0 0 0 0 0 0 0
4 2 1 0 1 2 1 -39 1 2 0 49 0 0 0 0 1 1 1 51 1 1 0 -26 0 0 0 0 1 0 1 10 1 0 0 15 0 0 0 0
4 2 1 1 1 2 2 33 1 2 1 -39 1 2 0 49 1 1 2 22 1 1 1 51 1 1 0 -26 1 0 2 51 1 0 1 10 1 0 0 15
4 2 1 2 1 2 0 49 1 2 2 33 1 2 1 -39 1 1 0 -26 1 1 2 22 1 1 1 51 1 0 0 15 1 0 2 51 1 0 1 10
4 2 1 3 1 2 1 -39 1 2 0 49 1 2 2 33 1 1 1 51 1 1 0 -26 1 1 2 22 1 0 1 10 1 0 0 15 1 0 2 51
4 2 1 4 1 2 2 33 1 2 1 -39 0 0 0 0 1 1 2 22 1 1 1 51 0 0 0 0 1 0 2 51 1 0 1 10 0 0 0 0
4 2 1 5 0 0 0 0 1 2 2 33 0 0 0 0 0 0 0 0 1 1 2 22 0 0 0 0 0 0 0 0 1 0 2 51 0 0 0 0
4 2 1 6 0 0 0 0 0 0 0 0 0 0 0 0 0 0 0 0 0 0 0 0 0 0 0 0 0 0 0 0 0 0 0 0 0 0 0 0
4 2 1 7 0 0 0 0 0 0 0 0 0 0 0 0 0 0 0 0 0 0 0 0 0 0 0 0 0 0 0 0 0 0 0 0 0 0 0 0
4 2 2 0 1 0 1 10 1 0 0 15 0 0 0 0 1 2 1 -39 1 2 0 49 0 0 0 0 1 1 1 51 1 1 0 -26 0 0 0 0
4 2 2 1 1 0 2 51 1 0 1 10 1 0 0 15 1 2 2 33 1 2 1 -39 1 2 0 49 1 1 2 22 1 1 1 51 1 1 0 -26
4 2 2 2 1 0 0 15 1 0 2 51 1 0 1 10 1 2 0 49 1 2 2 33 1 2 1 -39 1 1 0 -26 1 1 2 22 1 1 1 51
4 2 2 3 1 0 1 10 1 0 0 15 1 0 2 51 1 2 1 -39 1 2 0 49 1 2 2 33 1 1 1 51 1 1 0 -26 1 1 2 22
4 2 2 4 1 0 2 51 1 0 1 10 0 0 0 0 1 2 2 33 1 2 1 -39 0 0 0 0 1 1 2 22 1 1 1 51 0 0 0 0
4 2 2 5 0 0 0 0 1 0 2 51 0 0 0 0 0 0 0 0 1 2 2 33 0 0 0 0 0 0 0 0 1 1 2 22 0 0 0 0
4 2 2 6 0 0 0 0 0 0 0 0 0 0 0 0 0 0 0 0 0 0 0 0 0 0 0 0 0 0 0 0 0 0 0 0 0 0 0 0
4 2 2 7 0 0 0 0 0 0 0 0 0 0 0 0 0 0 0 0 0 0 0 0 0 0 0 0 0 0 0 0 0 0 0 0 0 0 0 0
4 2 3 0 1 1 1 51 1 1 0 -26 0 0 0 0 1 0 1 10 1 0 0 15 0 0 0 0 1 2 1 -39 1 2 0 49 0 0 0 0
4 2 3 1 1 1 2 22 1 1 1 51 1 1 0 -26 1 0 2 51 1 0 1 10 1 0 0 15 1 2 2 33 1 2 1 -39 1 2 0 49
4 2 3 2 1 1 0 -26 1 1 2 22 1 1 1 51 1 0 0 15 1 0 2 51 1 0 1 10 1 2 0 49 1 2 2 33 1 2 1 -39
4 2 3 3 1 1 1 51 1 1 0 -26 1 1 2 22 1 0 1 10 1 0 0 15 1 0 2 51 1 2 1 -39 1 2 0 49 1 2 2 33
4 2 3 4 1 1 2 22 1 1 1 51 0 0 0 0 1 0 2 51 1 0 1 10 0 0 0 0 1 2 2 33 1 2 1 -39 0 0 0 0
4 2 3 5 0 0 0 0 1 1 2 22 0 0 0 0 0 0 0 0 1 0 2 51 0 0 0 0 0 0 0 0 1 2 2 33 0 0 0 0
4 2 3 6 0 0 0 0 0 0 0 0 0 0 0 0 0 0 0 0 0 0 0 0 0 0 0 0 0 0 0 0 0 0 0 0 0 0 0 0
4 2 3 7 0 0 0 0 0 0 0 0 0 0 0 0 0 0 0 0 0 0 0 0 0 0 0 0 0 0 0 0 0 0 0 0 0 0 0 0
4 2 4 0 1 2 1 -39 1 2 0 49 0 0 0 0 1 1 1 51 1 1 0 -26 0 0 0 0 1 0 1 10 1 0 0 15 0 0 0 0
4 2 4 1 1 2 2 33 1 2 1 -39 1 2 0 49 1 1 2 22 1 1 1 51 1 1 0 -26 1 0 2 51 1 0 1 10 1 0 0 15
4 2 4 2 1 2 0 49 1 2 2 33 1 2 1 -39 1 1 0 -26 1 1 2 22 1 1 1 51 1 0 0 15 1 0 2 51 1 0 1 10
4 2 4 3 1 2 1 -39 1 2 0 49 1 2 2 33 1 1 1 51 1 1 0 -26 1 1 2 22 1 0 1 10 1 0 0 15 1 0 2 51
4 2 4 4 1 2 2 33 1 2 1 -39 0 0 0 0 1 1 2 22 1 1 1 51 0 0 0 0 1 0 2 51 1 0 1 10 0 0 0 0
4 2 4 5 0 0 0 0 1 2 2 33 0 0 0 0 0 0 0 0 1 1 2 22 0 0 0 0 0 0 0 0 1 0 2 51 0 0 0 0
4 2 4 6 0 0 0 0 0 0 0 0 0 0 0 0 0 0 0 0 0 0 0 0 0 0 0 0 0 0 0 0 0 0 0 0 0 0 0 0
4 2 4 7 0 0 0 0 0 0 0 0 0 0 0 0 0 0 0 0 0 0 0 0 0 0 0 0 0 0 0 0 0 0 0 0 0 0 0 0
4 2 5 0 1 0 1 10 1 0 0 15 0 0 0 0 1 2 1 -39 1 2 0 49 0 0 0 0 1 1 1 51 1 1 0 -26 0 0 0 0
4 2 5 1 1 0 2 51 1 0 1 10 1 0 0 15 1 2 2 33 1 2 1 -39 1 2 0 49 1 1 2 22 1 1 1 51 1 1 0 -26
4 2 5 2 1 0 0 15 1 0 2 51 1 0 1 10 1 2 0 49 1 2 2 33 1 2 1 -39 1 1 0 -26 1 1 2 22 1 1 1 51
4 2 5 3 1 0 1 10 1 0 0 15 1 0 2 51 1 2 1 -39 1 2 0 49 1 2 2 33 1 1 1 51 1 1 0 -26 1 1 2 22
4 2 5 4 1 0 2 51 1 0 1 10 0 0 0 0 1 2 2 33 1 2 1 -39 0 0 0 0 1 1 2 22 1 1 1 51 0 0 0 0
4 2 5 5 0 0 0 0 1 0 2 51 0 0 0 0 0 0 0 0 1 2 2 33 0 0 0 0 0 0 0 0 1 1 2 22 0 0 0 0
4 2 5 6 0 0 0 0 0 0 0 0 0 0 0 0 0 0 0 0 0 0 0 0 0 0 0 0 0 0 0 0 0 0 0 0 0 0 0 0
4 2 5 7 0 0 0 0 0 0 0 0 0 0 0 0 0 0 0 0 0 0 0 0 0 0 0 0 0 0 0 0 0 0 0 0 0 0 0 0
4 2 6 0 1 1 1 51 1 1 0 -26 0 0 0 0 0 0 0 0 0 0 0 0 0 0 0 0 1 2 1 -39 1 2 0 49 0 0 0 0
4 2 6 1 1 1 2 22 1 1 1 51 1 1 0 -26 0 0 0 0 0 0 0 0 0 0 0 0 1 2 2 33 1 2 1 -39 1 2 0 49
4 2 6 2 1 1 0 -26 1 1 2 22 1 1 1 51 0 0 0 0 0 0 0 0 0 0 0 0 1 2 0 49 1 2 2 33 1 2 1 -39
4 2 6 3 1 1 1 51 1 1 0 -26 1 1 2 22 0 0 0 0 0 0 0 0 0 0 0 0 1 2 1 -39 1 2 0 49 1 2 2 33
4 2 6 4 1 1 2 22 1 1 1 51 0 0 0 0 0 0 0 0 0 0 0 0 0 0 0 0 1 2 2 33 1 2 1 -39 0 0 0 0
4 2 6 5 0 0 0 0 1 1 2 22 0 0 0 0 0 0 0 0 0 0 0 0 0 0 0 0 0 0 0 0 1 2 2 33 0 0 0 0
4 2 6 6 0 0 0 0 0 0 0 0 0 0 0 0 0 0 0 0 0 0 0 0 0 0 0 0 0 0 0 0 0 0 0 0 0 0 0 0
4 2 6 7 0 0 0 0 0 0 0 0 0 0 0 0 0 0 0 0 0 0 0 0 0 0 0 0 0 0 0 0 0 0 0 0 0 0 0 0
4 2 7 0 1 2 1 -39 1 2 0 49 0 0 0 0 0 0 0 0 0 0 0 0 0 0 0 0 0 0 0 0 0 0 0 0 0 0 0 0
4 2 7 1 1 2 2 33 1 2 1 -39 1 2 0 49 0 0 0 0 0 0 0 0 0 0 0 0 0 0 0 0 0 0 0 0 0 0 0 0
4 2 7 2 1 2 0 49 1 2 2 33 1 2 1 -39 0 0 0 0 0 0 0 0 0 0 0 0 0 0 0 0 0 0 0 0 0 0 0 0
4 2 7 3 1 2 1 -39 1 2 0 49 1 2 2 33 0 0 0 0 0 0 0 0 0 0 0 0 0 0 0 0 0 0 0 0 0 0 0 0
4 2 7 4 1 2 2 33 1 2 1 -39 0 0 0 0 0 0 0 0 0 0 0 0 0 0 0 0 0 0 0 0 0 0 0 0 0 0 0 0
4 2 7 5 0 0 0 0 1 2 2 33 0 0 0 0 0 0 0 0 0 0 0 0 0 0 0 0 0 0 0 0 0 0 0 0 0 0 0 0
4 2 7 6 0 0 0 0 0 0 0 0 0 0 0 0 0 0 0 0 0 0 0 0 0 0 0 0 0 0 0 0 0 0 0 0 0 0 0 0
4 2 7 7 0 0 0 0 0 0 0 0 0 0 0 0 0 0 0 0 0 0 0 0 0 0 0 0 0 0 0 0 0 0 0 0 0 0 0 0
